city,city_development_index,gender,relevent_experience,enrolled_university,education_level,major_discipline,experience,company_size,company_type,last_new_job,training_hours
city_103,0.92,,No relevent experience,no_enrollment,High School,,<1,,,,6
city_21,0.624,Female,No relevent experience,Full time course,High School,,3,,,never,55
city_103,0.92,,No relevent experience,no_enrollment,High School,,<1,,,,57
city_103,0.92,,Has relevent experience,no_enrollment,Graduate,No Major,>20,50-99,Pvt Ltd,2,79
city_136,0.897,Male,Has relevent experience,no_enrollment,Graduate,STEM,14,50-99,Pvt Ltd,1,44
city_136,0.897,Male,No relevent experience,Full time course,Masters,STEM,4,50-99,Funded Startup,1,11
city_28,0.939,Male,Has relevent experience,Part time course,Graduate,STEM,2,1000-4999,Pvt Ltd,1,37
city_103,0.92,Male,No relevent experience,Full time course,Graduate,STEM,5,,,2,113
city_21,0.624,Male,Has relevent experience,no_enrollment,Masters,STEM,9,10/49,Early Stage Startup,1,79
city_73,0.754,Male,No relevent experience,Full time course,,,1,,,1,57
city_103,0.92,Male,Has relevent experience,no_enrollment,Graduate,STEM,>20,10000+,Pvt Ltd,>4,18
city_114,0.926,Male,Has relevent experience,no_enrollment,Graduate,STEM,10,50-99,Pvt Ltd,2,61
city_114,0.926,Male,Has relevent experience,no_enrollment,High School,,7,50-99,Pvt Ltd,1,85
city_21,0.624,Male,Has relevent experience,no_enrollment,Graduate,STEM,6,100-500,Pvt Ltd,1,13
city_160,0.92,Male,Has relevent experience,no_enrollment,Graduate,STEM,12,100-500,Pvt Ltd,1,30
city_165,0.903,Male,No relevent experience,Full time course,Masters,Humanities,<1,,,never,112
city_136,0.897,Male,Has relevent experience,no_enrollment,Masters,STEM,7,<10,Pvt Ltd,1,34
city_114,0.926,Male,No relevent experience,Part time course,High School,,9,,,never,13
city_67,0.855,,No relevent experience,Full time course,Graduate,STEM,8,,Pvt Ltd,never,6
city_19,0.682,,Has relevent experience,no_enrollment,Graduate,STEM,12,,,,51
city_160,0.92,Male,Has relevent experience,no_enrollment,Graduate,STEM,>20,,,>4,30
city_21,0.624,Male,Has relevent experience,Full time course,Graduate,STEM,1,10000+,Pvt Ltd,1,42
city_75,0.939,Male,No relevent experience,no_enrollment,Primary School,,3,,,never,23
city_103,0.92,Male,Has relevent experience,no_enrollment,Graduate,STEM,>20,10000+,Pvt Ltd,>4,33
city_16,0.91,Male,Has relevent experience,no_enrollment,High School,,14,1000-4999,Pvt Ltd,>4,214
city_75,0.939,Male,No relevent experience,no_enrollment,Graduate,STEM,>20,1000-4999,Public Sector,never,51
city_103,0.92,Female,Has relevent experience,no_enrollment,Masters,STEM,17,1000-4999,Pvt Ltd,>4,24
city_103,0.92,Male,Has relevent experience,no_enrollment,Masters,Business Degree,2,100-500,Pvt Ltd,1,30
city_102,0.804,Male,Has relevent experience,no_enrollment,Graduate,Other,17,,,,73
city_104,0.924,,Has relevent experience,no_enrollment,,,>20,,,2,25
city_160,0.92,,Has relevent experience,no_enrollment,Graduate,STEM,>20,<10,Pvt Ltd,1,83
city_67,0.855,Female,No relevent experience,Full time course,Masters,STEM,11,,,>4,78
city_105,0.794,Male,Has relevent experience,no_enrollment,Masters,STEM,>20,1000-4999,Pvt Ltd,>4,72
city_97,0.925,Male,No relevent experience,no_enrollment,Masters,STEM,>20,50-99,Pvt Ltd,>4,116
city_73,0.754,Male,Has relevent experience,Full time course,Graduate,STEM,4,<10,Pvt Ltd,1,15
city_21,0.624,Male,Has relevent experience,no_enrollment,Graduate,STEM,5,10/49,NGO,1,116
city_105,0.794,Other,Has relevent experience,no_enrollment,High School,,7,,,2,25
city_73,0.754,,No relevent experience,Full time course,Graduate,STEM,5,,,never,46
city_103,0.92,Female,Has relevent experience,no_enrollment,Masters,STEM,>20,100-500,Pvt Ltd,>4,38
city_160,0.92,Male,No relevent experience,Full time course,Graduate,STEM,1,10000+,,1,12
city_101,0.5579999999999999,Male,Has relevent experience,Full time course,Masters,STEM,18,,,1,170
city_160,0.92,Male,Has relevent experience,no_enrollment,Graduate,STEM,17,,,2,58
city_103,0.92,,Has relevent experience,no_enrollment,Graduate,STEM,7,500-999,Funded Startup,2,99
city_103,0.92,Male,Has relevent experience,no_enrollment,Graduate,STEM,19,100-500,Funded Startup,4,14
city_71,0.884,,No relevent experience,no_enrollment,Graduate,STEM,>20,50-99,Pvt Ltd,>4,106
city_21,0.624,,Has relevent experience,Full time course,Graduate,STEM,4,,,,13
city_21,0.624,Male,Has relevent experience,Full time course,Graduate,STEM,11,<10,Early Stage Startup,1,226
city_21,0.624,,No relevent experience,Full time course,Graduate,STEM,9,,,,48
city_103,0.92,Male,Has relevent experience,no_enrollment,Graduate,STEM,6,100-500,Pvt Ltd,1,70
city_11,0.55,Male,Has relevent experience,no_enrollment,Graduate,STEM,4,50-99,Pvt Ltd,1,74
city_160,0.92,Male,Has relevent experience,no_enrollment,Graduate,STEM,15,,,2,112
city_21,0.624,,No relevent experience,Full time course,Primary School,,3,<10,Early Stage Startup,2,14
city_67,0.855,Male,No relevent experience,Part time course,High School,,4,50-99,Pvt Ltd,2,96
city_21,0.624,,No relevent experience,no_enrollment,Masters,STEM,5,,NGO,>4,105
city_160,0.92,Male,Has relevent experience,no_enrollment,Graduate,STEM,12,100-500,Pvt Ltd,3,18
city_16,0.91,Male,No relevent experience,no_enrollment,Graduate,STEM,6,,,never,14
city_24,0.698,,No relevent experience,Full time course,High School,,1,,,,6
city_103,0.92,Male,Has relevent experience,no_enrollment,Phd,STEM,>20,,,3,43
city_128,0.527,Male,No relevent experience,Full time course,High School,,<1,,,never,2
city_21,0.624,,Has relevent experience,no_enrollment,Graduate,STEM,4,1000-4999,Pvt Ltd,1,47
city_21,0.624,,Has relevent experience,no_enrollment,Graduate,STEM,7,10000+,Pvt Ltd,,24
city_24,0.698,Male,Has relevent experience,no_enrollment,Masters,STEM,9,<10,Pvt Ltd,3,87
city_21,0.624,,Has relevent experience,Full time course,Graduate,STEM,<1,50-99,Pvt Ltd,1,28
city_21,0.624,Male,Has relevent experience,no_enrollment,Graduate,STEM,4,50-99,Pvt Ltd,1,89
city_136,0.897,Male,Has relevent experience,Part time course,Graduate,Other,1,50-99,,1,222
city_45,0.89,Male,Has relevent experience,no_enrollment,Graduate,STEM,14,50-99,Pvt Ltd,>4,47
city_21,0.624,Female,Has relevent experience,no_enrollment,Graduate,STEM,6,10000+,Pvt Ltd,1,45
city_25,0.698,,Has relevent experience,no_enrollment,Graduate,STEM,6,50-99,Pvt Ltd,1,204
city_114,0.926,,Has relevent experience,Full time course,Phd,STEM,14,50-99,Pvt Ltd,>4,61
city_101,0.5579999999999999,Male,Has relevent experience,no_enrollment,Graduate,STEM,3,50-99,Pvt Ltd,1,26
city_149,0.6890000000000001,Male,Has relevent experience,no_enrollment,Graduate,STEM,4,100-500,NGO,1,105
city_21,0.624,,No relevent experience,,,,1,,,1,62
city_100,0.887,,No relevent experience,Full time course,Phd,STEM,7,1000-4999,Public Sector,>4,124
city_136,0.897,Male,Has relevent experience,no_enrollment,Masters,STEM,6,1000-4999,Pvt Ltd,1,41
city_16,0.91,Male,Has relevent experience,no_enrollment,Graduate,STEM,>20,50-99,NGO,1,40
city_71,0.884,Male,Has relevent experience,no_enrollment,Graduate,STEM,5,10000+,Pvt Ltd,1,7
city_103,0.92,Female,Has relevent experience,no_enrollment,Graduate,STEM,5,50-99,Funded Startup,1,62
city_103,0.92,Male,Has relevent experience,no_enrollment,Masters,STEM,14,50-99,Funded Startup,1,34
city_73,0.754,,Has relevent experience,Part time course,High School,,<1,<10,Early Stage Startup,,58
city_114,0.926,,Has relevent experience,no_enrollment,Masters,STEM,>20,500-999,Pvt Ltd,>4,42
city_41,0.8270000000000001,Male,No relevent experience,Part time course,Graduate,Arts,4,,,1,111
city_16,0.91,Male,Has relevent experience,no_enrollment,Graduate,STEM,8,1000-4999,Pvt Ltd,>4,55
city_105,0.794,Male,Has relevent experience,no_enrollment,Graduate,Business Degree,2,50-99,Pvt Ltd,2,77
city_103,0.92,Male,Has relevent experience,no_enrollment,Graduate,STEM,>20,,,2,60
city_103,0.92,Male,Has relevent experience,no_enrollment,Graduate,STEM,>20,100-500,Pvt Ltd,1,21
city_103,0.92,Male,No relevent experience,no_enrollment,High School,,4,,Pvt Ltd,never,32
city_103,0.92,Other,Has relevent experience,no_enrollment,Graduate,STEM,7,100-500,Pvt Ltd,2,22
city_104,0.924,Male,Has relevent experience,no_enrollment,Graduate,STEM,9,10000+,Public Sector,2,45
city_100,0.887,Male,Has relevent experience,no_enrollment,Graduate,STEM,10,100-500,Pvt Ltd,never,102
city_50,0.8959999999999999,Male,Has relevent experience,no_enrollment,Masters,STEM,10,10000+,Pvt Ltd,1,55
city_114,0.926,Male,Has relevent experience,no_enrollment,Masters,STEM,10,10/49,Pvt Ltd,>4,21
city_21,0.624,,No relevent experience,Full time course,High School,,<1,,,never,26
city_116,0.743,Male,Has relevent experience,no_enrollment,Masters,STEM,6,50-99,Pvt Ltd,>4,31
city_115,0.789,Female,No relevent experience,no_enrollment,Graduate,STEM,<1,,,1,43
city_16,0.91,,Has relevent experience,no_enrollment,Graduate,STEM,6,,,4,4
city_101,0.5579999999999999,,No relevent experience,Full time course,Graduate,STEM,<1,<10,Early Stage Startup,1,53
city_114,0.926,Male,No relevent experience,no_enrollment,High School,,6,,Pvt Ltd,never,28
city_16,0.91,Male,No relevent experience,Full time course,High School,,1,,,never,204
city_104,0.924,Male,Has relevent experience,no_enrollment,Masters,STEM,19,10/49,Pvt Ltd,>4,232
city_67,0.855,Male,Has relevent experience,no_enrollment,Masters,STEM,9,,,2,43
city_103,0.92,Male,Has relevent experience,no_enrollment,Graduate,STEM,9,<10,Early Stage Startup,1,54
city_103,0.92,Male,Has relevent experience,no_enrollment,Phd,STEM,>20,1000-4999,Public Sector,>4,62
city_136,0.897,Male,Has relevent experience,no_enrollment,Masters,STEM,16,,,1,80
city_16,0.91,,No relevent experience,no_enrollment,High School,,7,1000-4999,Public Sector,>4,32
city_160,0.92,Male,Has relevent experience,no_enrollment,Graduate,STEM,>20,100-500,Pvt Ltd,>4,20
city_173,0.878,Male,Has relevent experience,Full time course,High School,,3,,,1,16
city_16,0.91,Male,Has relevent experience,no_enrollment,Graduate,STEM,>20,50-99,Pvt Ltd,>4,162
city_90,0.698,Male,Has relevent experience,Part time course,Graduate,STEM,13,10/49,NGO,3,50
city_159,0.843,Male,No relevent experience,Full time course,Graduate,STEM,4,,,never,69
city_160,0.92,Male,Has relevent experience,Part time course,Graduate,STEM,4,100-500,Pvt Ltd,1,90
city_158,0.7659999999999999,Male,Has relevent experience,no_enrollment,Graduate,STEM,5,100-500,Pvt Ltd,>4,19
city_103,0.92,Female,Has relevent experience,no_enrollment,Graduate,Humanities,3,<10,Pvt Ltd,3,13
city_19,0.682,Male,No relevent experience,Full time course,Graduate,STEM,9,,,1,42
city_103,0.92,Male,No relevent experience,no_enrollment,High School,,4,,,never,47
city_114,0.926,Male,Has relevent experience,Full time course,Graduate,STEM,8,,,2,72
city_103,0.92,Male,No relevent experience,no_enrollment,Masters,STEM,5,10/49,Funded Startup,3,194
city_11,0.55,Male,Has relevent experience,no_enrollment,Graduate,STEM,5,100-500,Pvt Ltd,1,228
city_21,0.624,,Has relevent experience,Part time course,Graduate,STEM,7,10000+,Pvt Ltd,4,34
city_114,0.926,,Has relevent experience,no_enrollment,Graduate,STEM,11,1000-4999,Other,2,26
city_107,0.518,,No relevent experience,Full time course,Masters,STEM,8,,Pvt Ltd,never,6
city_103,0.92,Female,Has relevent experience,no_enrollment,Graduate,STEM,10,10000+,Pvt Ltd,>4,20
city_28,0.939,Male,No relevent experience,no_enrollment,Masters,STEM,19,5000-9999,Pvt Ltd,>4,22
city_50,0.8959999999999999,Male,Has relevent experience,no_enrollment,Graduate,STEM,5,<10,Funded Startup,1,50
city_21,0.624,Male,Has relevent experience,no_enrollment,Graduate,STEM,10,50-99,Pvt Ltd,never,44
city_159,0.843,,No relevent experience,Full time course,Graduate,STEM,1,,,never,37
city_149,0.6890000000000001,Male,No relevent experience,,Graduate,STEM,6,,,2,166
city_150,0.698,Male,Has relevent experience,no_enrollment,Graduate,Humanities,4,<10,Funded Startup,1,80
city_21,0.624,Male,Has relevent experience,no_enrollment,Graduate,STEM,4,,,2,92
city_7,0.647,Male,Has relevent experience,no_enrollment,Masters,STEM,6,100-500,Pvt Ltd,1,54
city_160,0.92,Female,Has relevent experience,no_enrollment,Graduate,STEM,9,50-99,Pvt Ltd,1,105
city_103,0.92,Male,No relevent experience,no_enrollment,Primary School,,7,,Pvt Ltd,never,28
city_99,0.915,Male,No relevent experience,Full time course,Graduate,STEM,3,,,never,12
city_21,0.624,Male,Has relevent experience,no_enrollment,Graduate,STEM,7,1000-4999,Pvt Ltd,2,25
city_21,0.624,Male,Has relevent experience,no_enrollment,Masters,STEM,5,10/49,Early Stage Startup,2,167
city_103,0.92,Male,No relevent experience,Full time course,High School,,9,,,1,59
city_21,0.624,Male,Has relevent experience,no_enrollment,Graduate,STEM,10,50-99,,1,149
city_150,0.698,,Has relevent experience,Part time course,,,>20,10/49,Pvt Ltd,1,236
city_103,0.92,Male,Has relevent experience,no_enrollment,Graduate,STEM,14,10000+,Pvt Ltd,>4,290
city_103,0.92,Male,Has relevent experience,no_enrollment,Graduate,STEM,>20,1000-4999,Pvt Ltd,>4,55
city_21,0.624,,No relevent experience,Part time course,Graduate,STEM,4,100-500,Pvt Ltd,never,70
city_102,0.804,Male,Has relevent experience,no_enrollment,Graduate,STEM,11,1000-4999,Pvt Ltd,1,21
city_11,0.55,,Has relevent experience,no_enrollment,Graduate,Business Degree,2,50-99,Pvt Ltd,1,66
city_114,0.926,Male,No relevent experience,Full time course,Graduate,STEM,14,,,4,91
city_21,0.624,Male,Has relevent experience,no_enrollment,Masters,STEM,8,1000-4999,Pvt Ltd,never,78
city_10,0.895,Male,Has relevent experience,no_enrollment,Graduate,Business Degree,18,500-999,Public Sector,1,20
city_21,0.624,,Has relevent experience,no_enrollment,Masters,STEM,>20,,,,20
city_103,0.92,,Has relevent experience,no_enrollment,Graduate,STEM,>20,,Pvt Ltd,3,76
city_27,0.848,Male,Has relevent experience,Full time course,High School,,6,50-99,Pvt Ltd,2,67
city_23,0.899,Male,Has relevent experience,Part time course,Graduate,STEM,7,<10,Early Stage Startup,1,63
city_27,0.848,Male,Has relevent experience,no_enrollment,Masters,STEM,15,100-500,Pvt Ltd,1,19
city_23,0.899,Male,Has relevent experience,no_enrollment,Graduate,STEM,16,10000+,Pvt Ltd,1,27
city_144,0.84,,Has relevent experience,no_enrollment,Graduate,STEM,14,10/49,Pvt Ltd,3,52
city_160,0.92,Female,Has relevent experience,no_enrollment,Graduate,STEM,10,100-500,Pvt Ltd,>4,100
city_98,0.949,Male,No relevent experience,no_enrollment,Masters,No Major,>20,5000-9999,Public Sector,3,22
city_114,0.926,Male,Has relevent experience,no_enrollment,Graduate,STEM,10,1000-4999,Pvt Ltd,never,16
city_21,0.624,Female,No relevent experience,Full time course,Graduate,STEM,5,10/49,Funded Startup,1,32
city_21,0.624,,Has relevent experience,no_enrollment,Graduate,STEM,3,50-99,Pvt Ltd,2,100
city_21,0.624,Male,Has relevent experience,no_enrollment,Masters,STEM,4,5000-9999,Pvt Ltd,2,62
city_16,0.91,Male,Has relevent experience,no_enrollment,Graduate,STEM,11,50-99,Pvt Ltd,4,196
city_16,0.91,,Has relevent experience,Full time course,Graduate,STEM,14,10000+,Pvt Ltd,never,9
city_103,0.92,,No relevent experience,no_enrollment,Masters,STEM,1,,,never,81
city_71,0.884,,Has relevent experience,no_enrollment,Masters,STEM,12,,,>4,19
city_75,0.939,Male,Has relevent experience,no_enrollment,Phd,STEM,>20,500-999,Pvt Ltd,1,10
city_21,0.624,,Has relevent experience,Full time course,Graduate,Other,,10000+,Public Sector,,91
city_162,0.767,Male,No relevent experience,Full time course,Graduate,STEM,9,,Pvt Ltd,never,182
city_16,0.91,,Has relevent experience,no_enrollment,Graduate,STEM,>20,500-999,Pvt Ltd,4,320
city_21,0.624,Male,Has relevent experience,no_enrollment,Graduate,STEM,3,50-99,Pvt Ltd,1,21
city_138,0.836,Male,Has relevent experience,no_enrollment,Masters,STEM,19,500-999,Public Sector,>4,166
city_114,0.926,Male,Has relevent experience,no_enrollment,Graduate,Arts,3,10/49,Pvt Ltd,1,20
city_114,0.926,Male,No relevent experience,Full time course,High School,,9,,,never,122
city_114,0.926,Male,Has relevent experience,no_enrollment,Masters,STEM,12,1000-4999,Pvt Ltd,1,82
city_103,0.92,Male,Has relevent experience,no_enrollment,Graduate,STEM,13,50-99,Funded Startup,1,84
city_103,0.92,,Has relevent experience,Part time course,Graduate,STEM,1,10000+,Pvt Ltd,1,72
city_103,0.92,Female,No relevent experience,no_enrollment,Masters,STEM,5,50-99,Funded Startup,2,22
city_21,0.624,,Has relevent experience,no_enrollment,Graduate,STEM,>20,,,1,61
city_67,0.855,Male,Has relevent experience,no_enrollment,Masters,STEM,6,10000+,Pvt Ltd,1,8
city_21,0.624,,Has relevent experience,no_enrollment,Masters,STEM,3,10/49,Pvt Ltd,1,36
city_21,0.624,,Has relevent experience,Full time course,Masters,STEM,5,,,never,3
city_103,0.92,,No relevent experience,Full time course,Graduate,STEM,2,,,1,43
city_150,0.698,Other,No relevent experience,Full time course,Graduate,STEM,2,50-99,Pvt Ltd,1,31
city_21,0.624,Male,No relevent experience,Full time course,Graduate,STEM,4,,,1,16
city_67,0.855,Male,No relevent experience,no_enrollment,Graduate,STEM,2,,,1,56
city_103,0.92,Male,Has relevent experience,no_enrollment,Masters,STEM,>20,50-99,,3,32
city_103,0.92,Male,Has relevent experience,no_enrollment,Graduate,No Major,>20,100-500,Pvt Ltd,1,20
city_11,0.55,Male,No relevent experience,no_enrollment,Masters,STEM,10,10/49,Pvt Ltd,1,26
city_90,0.698,Male,Has relevent experience,no_enrollment,Masters,STEM,>20,,,3,6
city_23,0.899,Male,Has relevent experience,no_enrollment,Graduate,STEM,17,,,never,33
city_160,0.92,Male,Has relevent experience,no_enrollment,Graduate,STEM,8,100-500,NGO,1,31
city_100,0.887,Other,No relevent experience,no_enrollment,High School,,2,,,never,11
city_173,0.878,Male,No relevent experience,Full time course,High School,,4,,,1,90
city_103,0.92,Male,Has relevent experience,no_enrollment,Graduate,STEM,20,10000+,Pvt Ltd,2,48
city_160,0.92,,Has relevent experience,no_enrollment,Graduate,STEM,3,10000+,Pvt Ltd,1,109
city_114,0.926,Male,No relevent experience,no_enrollment,High School,,>20,50-99,Pvt Ltd,>4,6
city_90,0.698,Male,Has relevent experience,Full time course,Graduate,STEM,10,,,1,2
city_103,0.92,Male,Has relevent experience,no_enrollment,Graduate,STEM,>20,1000-4999,Pvt Ltd,>4,80
city_160,0.92,Male,No relevent experience,Full time course,Graduate,STEM,7,,,1,26
city_21,0.624,,Has relevent experience,Full time course,Graduate,STEM,2,100-500,,,37
city_90,0.698,,No relevent experience,no_enrollment,Graduate,STEM,9,,,4,31
city_114,0.926,Male,Has relevent experience,no_enrollment,Graduate,STEM,17,100-500,Pvt Ltd,1,246
city_21,0.624,Male,Has relevent experience,no_enrollment,Graduate,STEM,11,1000-4999,Pvt Ltd,3,22
city_67,0.855,,Has relevent experience,Part time course,High School,,5,100-500,Pvt Ltd,1,288
city_136,0.897,,No relevent experience,no_enrollment,Masters,STEM,3,100-500,Public Sector,>4,96
city_16,0.91,Male,Has relevent experience,no_enrollment,Graduate,STEM,>20,1000-4999,Pvt Ltd,>4,45
city_16,0.91,,Has relevent experience,no_enrollment,Masters,STEM,>20,10000+,Pvt Ltd,2,43
city_114,0.926,Male,Has relevent experience,no_enrollment,Masters,STEM,>20,,,>4,23
city_50,0.8959999999999999,Male,Has relevent experience,no_enrollment,Graduate,STEM,13,100-500,Pvt Ltd,4,7
city_173,0.878,Male,Has relevent experience,Full time course,High School,,7,50-99,Pvt Ltd,1,12
city_103,0.92,,Has relevent experience,no_enrollment,Masters,STEM,>20,100-500,Pvt Ltd,>4,326
city_103,0.92,,No relevent experience,no_enrollment,Masters,STEM,9,1000-4999,Pvt Ltd,1,12
city_16,0.91,Male,Has relevent experience,no_enrollment,Graduate,STEM,9,10/49,Funded Startup,1,17
city_19,0.682,Male,Has relevent experience,no_enrollment,Graduate,STEM,5,100-500,Pvt Ltd,2,15
city_103,0.92,,No relevent experience,no_enrollment,High School,,2,,,,131
city_73,0.754,,Has relevent experience,no_enrollment,Graduate,STEM,7,100-500,Pvt Ltd,1,100
city_16,0.91,Male,Has relevent experience,no_enrollment,Masters,STEM,18,50-99,NGO,>4,52
city_103,0.92,Male,No relevent experience,Full time course,Graduate,STEM,6,100-500,NGO,>4,89
city_65,0.802,Male,No relevent experience,no_enrollment,Graduate,Arts,11,50-99,Pvt Ltd,>4,48
city_103,0.92,Male,Has relevent experience,no_enrollment,Graduate,STEM,>20,50-99,NGO,3,45
city_133,0.742,Male,Has relevent experience,no_enrollment,Graduate,STEM,12,50-99,Pvt Ltd,1,30
city_16,0.91,Male,Has relevent experience,no_enrollment,Masters,STEM,6,10000+,Pvt Ltd,2,125
city_16,0.91,,Has relevent experience,no_enrollment,High School,,10,<10,Funded Startup,1,94
city_103,0.92,Male,No relevent experience,no_enrollment,Primary School,,1,,,never,83
city_19,0.682,Male,Has relevent experience,,Masters,STEM,4,50-99,Pvt Ltd,1,68
city_24,0.698,Male,Has relevent experience,Full time course,Masters,STEM,3,50-99,Public Sector,2,45
city_128,0.527,Male,No relevent experience,Part time course,High School,,1,,,never,78
city_21,0.624,Male,Has relevent experience,no_enrollment,Graduate,STEM,3,10000+,Pvt Ltd,2,45
city_19,0.682,Male,Has relevent experience,no_enrollment,Graduate,STEM,15,,,1,26
city_50,0.8959999999999999,Male,Has relevent experience,no_enrollment,Graduate,STEM,12,1000-4999,NGO,>4,36
city_74,0.579,,No relevent experience,Full time course,High School,,4,,,never,38
city_103,0.92,Male,Has relevent experience,no_enrollment,Graduate,Business Degree,4,10000+,Pvt Ltd,1,97
city_103,0.92,Male,Has relevent experience,no_enrollment,Graduate,STEM,3,10000+,Other,1,83
city_114,0.926,,No relevent experience,Full time course,High School,,<1,,,never,50
city_16,0.91,Male,Has relevent experience,no_enrollment,Graduate,STEM,>20,,,>4,12
city_136,0.897,Male,Has relevent experience,no_enrollment,Masters,STEM,11,100-500,Funded Startup,1,48
city_50,0.8959999999999999,Male,No relevent experience,Full time course,Graduate,STEM,6,,,never,92
city_162,0.767,,Has relevent experience,no_enrollment,Graduate,STEM,14,1000-4999,Pvt Ltd,2,28
city_100,0.887,Male,Has relevent experience,no_enrollment,Masters,STEM,5,50-99,,2,30
city_103,0.92,,No relevent experience,Full time course,Graduate,STEM,5,,,never,47
city_103,0.92,Female,Has relevent experience,no_enrollment,Graduate,STEM,>20,100-500,NGO,1,17
city_7,0.647,Male,Has relevent experience,Full time course,Masters,STEM,4,,,1,13
city_102,0.804,,No relevent experience,Full time course,Graduate,STEM,4,,,never,33
city_145,0.555,,Has relevent experience,no_enrollment,Graduate,STEM,6,,,never,4
city_103,0.92,Male,No relevent experience,no_enrollment,Graduate,STEM,15,50-99,Pvt Ltd,3,45
city_103,0.92,Male,No relevent experience,no_enrollment,High School,,3,,,never,19
city_21,0.624,Male,Has relevent experience,no_enrollment,Masters,STEM,17,10000+,Other,1,26
city_103,0.92,,No relevent experience,no_enrollment,Graduate,STEM,>20,1000-4999,Pvt Ltd,>4,102
city_10,0.895,Male,Has relevent experience,Full time course,High School,,7,,,1,36
city_152,0.698,,Has relevent experience,Full time course,Graduate,STEM,11,10/49,Pvt Ltd,1,50
city_21,0.624,,Has relevent experience,no_enrollment,Graduate,STEM,1,10/49,,1,46
city_21,0.624,Male,Has relevent experience,no_enrollment,Graduate,STEM,4,50-99,Pvt Ltd,1,25
city_114,0.926,,Has relevent experience,Full time course,Masters,STEM,10,,Public Sector,,31
city_11,0.55,,Has relevent experience,no_enrollment,Graduate,STEM,8,<10,Early Stage Startup,never,129
city_103,0.92,,Has relevent experience,no_enrollment,Graduate,STEM,12,1000-4999,Pvt Ltd,1,20
city_103,0.92,,Has relevent experience,no_enrollment,Graduate,STEM,1,,,1,24
city_73,0.754,Male,Has relevent experience,no_enrollment,Graduate,STEM,11,10/49,Pvt Ltd,3,88
city_103,0.92,Male,Has relevent experience,no_enrollment,Graduate,STEM,4,50-99,Pvt Ltd,1,9
city_21,0.624,Male,Has relevent experience,Full time course,High School,,5,,Pvt Ltd,never,17
city_16,0.91,Male,No relevent experience,Full time course,Graduate,STEM,2,,,never,80
city_16,0.91,Male,Has relevent experience,no_enrollment,Graduate,STEM,17,10000+,Pvt Ltd,>4,31
city_100,0.887,,No relevent experience,no_enrollment,Primary School,,6,,,never,34
city_11,0.55,Male,Has relevent experience,Full time course,Graduate,STEM,9,10/49,Pvt Ltd,>4,14
city_114,0.926,,Has relevent experience,no_enrollment,Masters,STEM,17,<10,Pvt Ltd,1,14
city_103,0.92,Male,No relevent experience,no_enrollment,Phd,STEM,5,100-500,NGO,1,61
city_158,0.7659999999999999,Female,No relevent experience,Full time course,Graduate,STEM,5,,Pvt Ltd,never,100
city_21,0.624,,No relevent experience,no_enrollment,Graduate,STEM,2,,,2,25
city_61,0.913,Male,Has relevent experience,no_enrollment,Graduate,STEM,4,100-500,Pvt Ltd,1,74
city_103,0.92,,Has relevent experience,no_enrollment,Graduate,STEM,>20,10/49,Other,>4,31
city_103,0.92,Male,Has relevent experience,no_enrollment,Graduate,Humanities,9,100-500,Funded Startup,4,36
city_141,0.763,Male,No relevent experience,Full time course,High School,,3,,,never,56
city_45,0.89,Male,Has relevent experience,no_enrollment,Graduate,STEM,>20,500-999,Pvt Ltd,>4,65
city_26,0.698,Male,Has relevent experience,Part time course,Graduate,STEM,11,,,never,152
city_73,0.754,Male,No relevent experience,Part time course,High School,,4,1000-4999,Pvt Ltd,1,280
city_57,0.866,,No relevent experience,no_enrollment,Masters,STEM,5,500-999,Public Sector,1,103
city_103,0.92,Female,No relevent experience,Full time course,Graduate,STEM,<1,,,1,31
city_67,0.855,Male,Has relevent experience,no_enrollment,Masters,STEM,>20,10000+,Pvt Ltd,1,107
city_103,0.92,Male,Has relevent experience,no_enrollment,Graduate,STEM,4,,,1,96
city_103,0.92,Male,Has relevent experience,no_enrollment,Graduate,STEM,17,,,>4,96
city_21,0.624,Male,Has relevent experience,no_enrollment,Graduate,STEM,7,10000+,Pvt Ltd,never,55
city_142,0.727,Male,Has relevent experience,no_enrollment,Masters,STEM,15,500-999,Pvt Ltd,4,50
city_138,0.836,Male,Has relevent experience,no_enrollment,Primary School,,>20,,,1,89
city_150,0.698,Male,No relevent experience,Full time course,Graduate,STEM,<1,100-500,NGO,1,56
city_103,0.92,Male,Has relevent experience,no_enrollment,Graduate,STEM,>20,,,1,112
city_160,0.92,Male,No relevent experience,no_enrollment,,,6,,,never,33
city_173,0.878,,No relevent experience,no_enrollment,Masters,Humanities,1,<10,Pvt Ltd,1,98
city_21,0.624,Male,Has relevent experience,no_enrollment,Masters,STEM,2,50-99,Pvt Ltd,1,23
city_103,0.92,,No relevent experience,no_enrollment,Graduate,STEM,2,,,1,56
city_114,0.926,Male,No relevent experience,Full time course,Graduate,STEM,4,50-99,Pvt Ltd,1,44
city_99,0.915,Male,Has relevent experience,no_enrollment,Graduate,Arts,4,10/49,Pvt Ltd,1,322
city_23,0.899,,No relevent experience,no_enrollment,Graduate,STEM,<1,,,never,96
city_16,0.91,Male,Has relevent experience,no_enrollment,Graduate,STEM,>20,10000+,Pvt Ltd,>4,57
city_136,0.897,Male,Has relevent experience,no_enrollment,Graduate,STEM,17,500-999,Pvt Ltd,1,18
city_21,0.624,Male,No relevent experience,Full time course,Graduate,STEM,10,,,never,56
city_102,0.804,Female,Has relevent experience,no_enrollment,Masters,STEM,>20,100-500,Pvt Ltd,3,92
city_80,0.847,Male,Has relevent experience,no_enrollment,Graduate,STEM,8,10000+,Public Sector,1,10
city_21,0.624,,Has relevent experience,Full time course,Graduate,STEM,4,50-99,Pvt Ltd,1,9
city_160,0.92,Male,No relevent experience,no_enrollment,Graduate,Humanities,10,10000+,Pvt Ltd,1,57
city_67,0.855,,Has relevent experience,Full time course,Masters,STEM,12,,,2,91
city_21,0.624,,No relevent experience,no_enrollment,Graduate,STEM,<1,1000-4999,Pvt Ltd,never,157
city_21,0.624,Male,No relevent experience,no_enrollment,Graduate,STEM,4,500-999,Pvt Ltd,1,218
city_149,0.6890000000000001,,No relevent experience,Full time course,Primary School,,4,,,1,42
city_103,0.92,Male,Has relevent experience,no_enrollment,Graduate,STEM,5,100-500,NGO,1,50
city_126,0.479,,No relevent experience,Full time course,High School,,1,,,1,14
city_84,0.698,Male,Has relevent experience,Part time course,Masters,Business Degree,2,100-500,Pvt Ltd,1,134
city_126,0.479,Male,Has relevent experience,Full time course,Graduate,STEM,2,100-500,Other,1,43
city_21,0.624,Male,No relevent experience,no_enrollment,Graduate,STEM,6,,,never,36
city_103,0.92,Male,Has relevent experience,no_enrollment,Graduate,STEM,16,,,>4,28
city_21,0.624,,No relevent experience,Full time course,Masters,STEM,5,,,1,90
city_116,0.743,Male,Has relevent experience,no_enrollment,Graduate,No Major,>20,500-999,Public Sector,3,28
city_103,0.92,Female,Has relevent experience,no_enrollment,Graduate,No Major,>20,,,>4,30
city_160,0.92,Male,Has relevent experience,no_enrollment,Graduate,STEM,>20,100-500,Funded Startup,1,52
city_103,0.92,Female,Has relevent experience,no_enrollment,Graduate,STEM,12,5000-9999,Pvt Ltd,4,54
city_114,0.926,Male,Has relevent experience,no_enrollment,,,>20,50-99,Pvt Ltd,>4,14
city_83,0.923,Male,No relevent experience,Full time course,High School,,2,,,never,8
city_116,0.743,Male,Has relevent experience,no_enrollment,Masters,STEM,1,10/49,,1,2
city_114,0.926,,Has relevent experience,no_enrollment,Graduate,STEM,17,50-99,Pvt Ltd,1,96
city_103,0.92,Male,Has relevent experience,no_enrollment,Graduate,STEM,>20,50-99,Pvt Ltd,>4,50
city_11,0.55,,No relevent experience,Part time course,Graduate,STEM,<1,,,never,20
city_83,0.923,Male,Has relevent experience,no_enrollment,Masters,STEM,8,10/49,Early Stage Startup,2,288
city_104,0.924,Male,Has relevent experience,no_enrollment,Graduate,STEM,15,50-99,Pvt Ltd,>4,77
city_21,0.624,Male,Has relevent experience,no_enrollment,Graduate,STEM,7,100-500,Pvt Ltd,1,48
city_21,0.624,Male,No relevent experience,Full time course,High School,,4,,,never,9
city_21,0.624,Male,Has relevent experience,no_enrollment,Graduate,STEM,5,500-999,Pvt Ltd,1,24
city_103,0.92,Male,Has relevent experience,no_enrollment,Graduate,STEM,5,10000+,Pvt Ltd,1,16
city_33,0.4479999999999999,Male,Has relevent experience,no_enrollment,Graduate,STEM,4,100-500,Pvt Ltd,1,16
city_2,0.7879999999999999,Female,Has relevent experience,no_enrollment,Graduate,STEM,20,<10,Funded Startup,2,6
city_65,0.802,Male,No relevent experience,Full time course,Graduate,STEM,8,,,1,36
city_21,0.624,,Has relevent experience,Full time course,Masters,STEM,6,,,4,76
city_83,0.923,,Has relevent experience,no_enrollment,Graduate,STEM,6,<10,Pvt Ltd,1,260
city_152,0.698,Male,Has relevent experience,no_enrollment,Graduate,STEM,>20,10/49,Pvt Ltd,>4,23
city_136,0.897,Male,Has relevent experience,,,,>20,,,>4,22
city_67,0.855,Male,Has relevent experience,no_enrollment,Graduate,STEM,6,50-99,Pvt Ltd,2,6
city_116,0.743,Male,Has relevent experience,no_enrollment,Graduate,STEM,5,<10,Early Stage Startup,1,8
city_136,0.897,Male,Has relevent experience,no_enrollment,Masters,STEM,19,10/49,Pvt Ltd,>4,42
city_136,0.897,Male,No relevent experience,Full time course,,,5,,,1,210
city_160,0.92,Male,Has relevent experience,no_enrollment,Graduate,STEM,4,50-99,Pvt Ltd,4,48
city_114,0.926,Male,No relevent experience,no_enrollment,Graduate,STEM,17,10/49,Pvt Ltd,1,18
city_103,0.92,Male,Has relevent experience,no_enrollment,Graduate,STEM,10,100-500,Pvt Ltd,never,64
city_16,0.91,Male,Has relevent experience,no_enrollment,Primary School,,7,500-999,Pvt Ltd,never,12
city_104,0.924,,Has relevent experience,no_enrollment,Masters,STEM,8,,,never,40
city_21,0.624,Female,No relevent experience,Part time course,Graduate,STEM,5,50-99,Pvt Ltd,1,32
city_114,0.926,Male,Has relevent experience,no_enrollment,Phd,STEM,19,,,3,162
city_123,0.738,Male,No relevent experience,Full time course,Graduate,STEM,3,,,never,82
city_7,0.647,Male,Has relevent experience,no_enrollment,Graduate,Business Degree,6,50-99,Pvt Ltd,1,113
city_123,0.738,,No relevent experience,no_enrollment,Masters,STEM,15,50-99,Pvt Ltd,,44
city_160,0.92,Female,Has relevent experience,Full time course,Graduate,STEM,5,100-500,Pvt Ltd,2,23
city_103,0.92,Male,No relevent experience,no_enrollment,Graduate,STEM,>20,10000+,Pvt Ltd,>4,32
city_103,0.92,Male,No relevent experience,Full time course,Graduate,STEM,4,,Public Sector,1,22
city_16,0.91,,No relevent experience,no_enrollment,Masters,STEM,3,50-99,Funded Startup,1,29
city_114,0.926,Male,Has relevent experience,no_enrollment,Masters,STEM,12,10/49,Early Stage Startup,1,23
city_16,0.91,Male,Has relevent experience,no_enrollment,Graduate,STEM,1,10000+,Public Sector,1,328
city_136,0.897,Male,Has relevent experience,no_enrollment,Masters,Other,>20,<10,Early Stage Startup,2,28
city_10,0.895,Other,No relevent experience,,,,2,,,never,83
city_114,0.926,,Has relevent experience,no_enrollment,,,6,10/49,Pvt Ltd,1,52
city_103,0.92,Male,No relevent experience,no_enrollment,Graduate,STEM,3,50-99,Pvt Ltd,2,28
city_149,0.6890000000000001,Male,No relevent experience,Part time course,High School,,2,,,1,32
city_159,0.843,,Has relevent experience,no_enrollment,Graduate,STEM,6,10/49,Pvt Ltd,2,220
city_83,0.923,Male,Has relevent experience,no_enrollment,Masters,STEM,>20,50-99,Pvt Ltd,>4,26
city_75,0.939,,No relevent experience,no_enrollment,,,1,,,1,75
city_16,0.91,Male,No relevent experience,Full time course,Graduate,STEM,1,,,never,4
city_70,0.698,,Has relevent experience,no_enrollment,Graduate,STEM,9,50-99,Pvt Ltd,>4,37
city_71,0.884,Male,Has relevent experience,no_enrollment,Graduate,STEM,9,5000-9999,Pvt Ltd,1,163
city_11,0.55,Female,Has relevent experience,Full time course,Masters,STEM,15,,,2,55
city_159,0.843,Female,Has relevent experience,no_enrollment,Masters,STEM,8,50-99,Pvt Ltd,1,246
city_71,0.884,Male,Has relevent experience,no_enrollment,Primary School,,>20,10/49,Pvt Ltd,1,9
city_21,0.624,,Has relevent experience,no_enrollment,Graduate,STEM,4,50-99,Pvt Ltd,1,140
city_103,0.92,Male,Has relevent experience,no_enrollment,Masters,STEM,>20,1000-4999,Public Sector,>4,17
city_103,0.92,Male,Has relevent experience,Full time course,Graduate,STEM,5,,,1,25
city_114,0.926,Male,Has relevent experience,no_enrollment,Masters,STEM,>20,50-99,Pvt Ltd,>4,25
city_103,0.92,Male,Has relevent experience,no_enrollment,Masters,STEM,16,100-500,Pvt Ltd,>4,105
city_103,0.92,Male,Has relevent experience,Part time course,Graduate,STEM,17,5000-9999,Pvt Ltd,>4,15
city_160,0.92,Male,Has relevent experience,no_enrollment,Graduate,STEM,>20,50-99,Pvt Ltd,>4,38
city_16,0.91,,Has relevent experience,no_enrollment,,,5,5000-9999,Public Sector,4,214
city_100,0.887,Male,Has relevent experience,no_enrollment,Graduate,STEM,15,<10,Pvt Ltd,>4,39
city_16,0.91,Male,No relevent experience,Part time course,Graduate,STEM,1,5000-9999,Pvt Ltd,1,34
city_114,0.926,Male,Has relevent experience,no_enrollment,Masters,STEM,15,10000+,Pvt Ltd,1,3
city_136,0.897,Male,Has relevent experience,no_enrollment,Masters,STEM,5,100-500,Pvt Ltd,1,57
city_103,0.92,Male,Has relevent experience,no_enrollment,Graduate,STEM,>20,,,3,7
city_114,0.926,Male,Has relevent experience,Full time course,Graduate,STEM,9,10/49,,2,50
city_83,0.923,Male,Has relevent experience,no_enrollment,Graduate,STEM,>20,,,3,53
city_138,0.836,Male,Has relevent experience,Part time course,Graduate,STEM,13,50-99,Public Sector,2,21
city_75,0.939,Male,Has relevent experience,no_enrollment,Phd,STEM,>20,10/49,Pvt Ltd,>4,122
city_103,0.92,Female,Has relevent experience,no_enrollment,Graduate,Other,2,10000+,Public Sector,1,43
city_105,0.794,,Has relevent experience,no_enrollment,Masters,Business Degree,18,,,1,50
city_159,0.843,Male,No relevent experience,Full time course,Graduate,STEM,4,,,never,30
city_103,0.92,,Has relevent experience,no_enrollment,Graduate,STEM,17,,,>4,23
city_21,0.624,Male,Has relevent experience,no_enrollment,Masters,STEM,6,10/49,Pvt Ltd,2,26
city_103,0.92,Male,Has relevent experience,Full time course,Graduate,STEM,11,,,1,92
city_78,0.579,,No relevent experience,Full time course,High School,,3,,,never,94
city_159,0.843,Male,Has relevent experience,no_enrollment,Masters,STEM,15,50-99,Pvt Ltd,>4,38
city_67,0.855,Other,No relevent experience,Full time course,High School,,4,10000+,Pvt Ltd,1,36
city_104,0.924,Male,Has relevent experience,no_enrollment,Graduate,STEM,>20,10000+,Pvt Ltd,>4,11
city_103,0.92,Male,Has relevent experience,no_enrollment,Phd,Arts,1,50-99,Funded Startup,1,62
city_138,0.836,,Has relevent experience,no_enrollment,Graduate,STEM,14,50-99,Pvt Ltd,2,50
city_114,0.926,Male,No relevent experience,,High School,,9,,Pvt Ltd,never,46
city_21,0.624,Male,No relevent experience,no_enrollment,Masters,STEM,15,5000-9999,Pvt Ltd,>4,46
city_21,0.624,,No relevent experience,Full time course,Masters,STEM,9,,,3,72
city_160,0.92,Male,Has relevent experience,Full time course,Graduate,STEM,20,10/49,Pvt Ltd,1,334
city_21,0.624,Male,No relevent experience,no_enrollment,Masters,STEM,14,10/49,Pvt Ltd,never,112
city_102,0.804,,Has relevent experience,Full time course,Graduate,STEM,15,100-500,Pvt Ltd,>4,6
city_103,0.92,,Has relevent experience,no_enrollment,Graduate,STEM,6,10000+,Pvt Ltd,1,78
city_36,0.893,Male,No relevent experience,Full time course,Graduate,STEM,13,,,1,28
city_103,0.92,Male,No relevent experience,Full time course,Graduate,Other,9,1000-4999,Pvt Ltd,>4,102
city_61,0.913,Male,Has relevent experience,no_enrollment,Masters,STEM,>20,100-500,Pvt Ltd,>4,99
city_74,0.579,,No relevent experience,,Graduate,STEM,6,100-500,Pvt Ltd,1,200
city_21,0.624,Male,Has relevent experience,no_enrollment,Graduate,STEM,3,50-99,Pvt Ltd,2,28
city_21,0.624,Male,Has relevent experience,Full time course,Graduate,Other,11,500-999,Pvt Ltd,3,34
city_16,0.91,Male,Has relevent experience,no_enrollment,Graduate,STEM,5,50-99,Pvt Ltd,1,36
city_16,0.91,Male,Has relevent experience,no_enrollment,Graduate,No Major,5,10/49,Pvt Ltd,2,92
city_103,0.92,Male,Has relevent experience,no_enrollment,Masters,STEM,>20,100-500,Pvt Ltd,>4,3
city_13,0.8270000000000001,Male,No relevent experience,Full time course,Masters,STEM,6,,,1,60
city_104,0.924,Male,Has relevent experience,Full time course,Graduate,STEM,5,50-99,Pvt Ltd,1,9
city_16,0.91,Male,Has relevent experience,no_enrollment,Graduate,Business Degree,>20,10000+,Pvt Ltd,>4,57
city_21,0.624,Male,Has relevent experience,Full time course,Graduate,STEM,2,50-99,Pvt Ltd,2,68
city_114,0.926,Male,No relevent experience,Full time course,High School,,2,10/49,Pvt Ltd,2,50
city_102,0.804,,Has relevent experience,no_enrollment,Graduate,STEM,>20,,,never,37
city_28,0.939,Male,No relevent experience,no_enrollment,High School,,4,5000-9999,Pvt Ltd,4,144
city_21,0.624,,Has relevent experience,no_enrollment,Graduate,STEM,11,10000+,Pvt Ltd,,41
city_100,0.887,,No relevent experience,no_enrollment,Graduate,Other,15,,,>4,12
city_145,0.555,Male,Has relevent experience,no_enrollment,Graduate,STEM,9,,,1,24
city_103,0.92,Male,Has relevent experience,no_enrollment,Masters,STEM,20,5000-9999,Pvt Ltd,>4,11
city_36,0.893,Male,Has relevent experience,no_enrollment,Masters,STEM,16,100-500,Pvt Ltd,1,37
city_160,0.92,Male,No relevent experience,Full time course,Graduate,STEM,5,1000-4999,Pvt Ltd,1,9
city_103,0.92,,Has relevent experience,no_enrollment,Graduate,STEM,7,100-500,NGO,1,42
city_28,0.939,Male,Has relevent experience,no_enrollment,Masters,STEM,>20,10/49,Pvt Ltd,>4,33
city_21,0.624,Male,Has relevent experience,no_enrollment,Graduate,STEM,13,10000+,Pvt Ltd,>4,88
city_103,0.92,Male,Has relevent experience,no_enrollment,Masters,STEM,10,<10,Pvt Ltd,1,28
city_100,0.887,Male,Has relevent experience,no_enrollment,Masters,STEM,>20,,,>4,112
city_136,0.897,,Has relevent experience,no_enrollment,Masters,STEM,19,,,>4,41
city_21,0.624,Male,No relevent experience,Full time course,High School,,1,,,never,9
city_21,0.624,Male,Has relevent experience,Full time course,Graduate,STEM,,1000-4999,Pvt Ltd,1,18
city_103,0.92,Male,Has relevent experience,no_enrollment,Graduate,STEM,>20,10000+,Pvt Ltd,>4,28
city_21,0.624,,Has relevent experience,no_enrollment,Graduate,STEM,1,<10,Early Stage Startup,1,7
city_14,0.698,Male,No relevent experience,Full time course,Masters,STEM,2,,,2,9
city_103,0.92,Male,Has relevent experience,no_enrollment,Graduate,STEM,14,100-500,Pvt Ltd,1,18
city_36,0.893,Male,No relevent experience,,Graduate,No Major,12,10000+,Public Sector,3,68
city_21,0.624,Male,Has relevent experience,no_enrollment,Graduate,STEM,9,10000+,Pvt Ltd,4,44
city_73,0.754,,No relevent experience,no_enrollment,High School,,1,,,never,59
city_103,0.92,Male,Has relevent experience,no_enrollment,Masters,STEM,>20,50-99,Public Sector,1,83
city_160,0.92,Male,No relevent experience,Part time course,Graduate,Other,6,10000+,Public Sector,3,55
city_16,0.91,,Has relevent experience,no_enrollment,High School,,5,10/49,Funded Startup,1,77
city_28,0.939,Male,No relevent experience,no_enrollment,Phd,STEM,>20,500-999,NGO,>4,106
city_103,0.92,,Has relevent experience,Part time course,Graduate,Other,1,<10,NGO,never,156
city_103,0.92,,Has relevent experience,no_enrollment,Graduate,STEM,4,10000+,Pvt Ltd,1,23
city_103,0.92,Male,Has relevent experience,no_enrollment,Graduate,STEM,>20,,,>4,184
city_21,0.624,Male,Has relevent experience,Full time course,High School,,2,,,never,32
city_82,0.693,Male,Has relevent experience,,Graduate,STEM,3,<10,Pvt Ltd,1,51
city_16,0.91,Male,Has relevent experience,no_enrollment,Graduate,STEM,>20,50-99,Pvt Ltd,3,9
city_21,0.624,,Has relevent experience,Part time course,Graduate,STEM,5,,,1,13
city_11,0.55,,Has relevent experience,no_enrollment,Graduate,STEM,8,10/49,Other,1,37
city_16,0.91,Male,Has relevent experience,no_enrollment,Graduate,STEM,9,500-999,Pvt Ltd,1,51
city_103,0.92,Male,No relevent experience,no_enrollment,Graduate,STEM,10,100-500,Pvt Ltd,2,77
city_16,0.91,Male,Has relevent experience,Part time course,Graduate,STEM,2,100-500,Pvt Ltd,2,160
city_70,0.698,Male,Has relevent experience,Full time course,Graduate,STEM,9,50-99,Pvt Ltd,>4,20
city_136,0.897,Male,Has relevent experience,no_enrollment,Masters,STEM,10,1000-4999,Pvt Ltd,2,92
city_21,0.624,,Has relevent experience,no_enrollment,Masters,STEM,13,100-500,Pvt Ltd,2,101
city_103,0.92,Male,No relevent experience,no_enrollment,Graduate,STEM,6,10000+,Pvt Ltd,1,39
city_100,0.887,Male,Has relevent experience,no_enrollment,Phd,STEM,10,,,2,88
city_103,0.92,Male,Has relevent experience,no_enrollment,Masters,STEM,7,5000-9999,Public Sector,4,8
city_103,0.92,Male,Has relevent experience,no_enrollment,High School,,11,100-500,Pvt Ltd,>4,119
city_21,0.624,Male,Has relevent experience,Full time course,Masters,STEM,7,1000-4999,Pvt Ltd,1,15
city_21,0.624,,Has relevent experience,no_enrollment,Graduate,STEM,8,,,3,222
city_103,0.92,Male,Has relevent experience,no_enrollment,Graduate,STEM,>20,100-500,Pvt Ltd,>4,24
city_30,0.698,,No relevent experience,no_enrollment,Graduate,STEM,8,,,>4,76
city_21,0.624,Male,No relevent experience,no_enrollment,Graduate,Business Degree,10,,,never,290
city_136,0.897,,Has relevent experience,no_enrollment,Masters,STEM,6,10/49,Pvt Ltd,1,70
city_61,0.913,Male,Has relevent experience,no_enrollment,Graduate,STEM,19,5000-9999,Public Sector,>4,9
city_103,0.92,Male,Has relevent experience,no_enrollment,Graduate,STEM,7,1000-4999,Pvt Ltd,1,154
city_103,0.92,Female,Has relevent experience,no_enrollment,Graduate,STEM,12,100-500,Pvt Ltd,4,38
city_103,0.92,Male,Has relevent experience,no_enrollment,Graduate,STEM,6,10/49,Early Stage Startup,1,9
city_16,0.91,Male,Has relevent experience,no_enrollment,Graduate,STEM,>20,,,>4,28
city_16,0.91,Male,No relevent experience,,,,4,,Pvt Ltd,never,133
city_21,0.624,Male,No relevent experience,no_enrollment,Masters,STEM,2,,,never,30
city_103,0.92,Male,Has relevent experience,no_enrollment,Graduate,Other,>20,,,>4,48
city_71,0.884,Female,No relevent experience,no_enrollment,Phd,STEM,>20,50-99,Public Sector,>4,27
city_103,0.92,,Has relevent experience,no_enrollment,Graduate,STEM,19,1000-4999,Pvt Ltd,4,50
city_21,0.624,,Has relevent experience,no_enrollment,Graduate,STEM,7,10000+,Pvt Ltd,1,8
city_64,0.6659999999999999,Male,Has relevent experience,no_enrollment,Graduate,STEM,14,<10,Pvt Ltd,1,98
city_21,0.624,,Has relevent experience,no_enrollment,Graduate,STEM,4,10000+,Pvt Ltd,2,28
city_21,0.624,,Has relevent experience,Full time course,Graduate,STEM,5,5000-9999,Pvt Ltd,1,74
city_103,0.92,Male,Has relevent experience,no_enrollment,Graduate,Business Degree,>20,100-500,Pvt Ltd,>4,79
city_31,0.807,Male,No relevent experience,no_enrollment,Masters,STEM,10,,,1,30
city_149,0.6890000000000001,Male,Has relevent experience,no_enrollment,Graduate,STEM,16,10/49,Pvt Ltd,>4,140
city_90,0.698,Male,Has relevent experience,no_enrollment,Graduate,STEM,>20,1000-4999,Pvt Ltd,2,42
city_103,0.92,,Has relevent experience,no_enrollment,Graduate,STEM,13,500-999,Pvt Ltd,1,80
city_11,0.55,,Has relevent experience,no_enrollment,Graduate,STEM,1,100-500,Pvt Ltd,1,145
city_67,0.855,Male,Has relevent experience,no_enrollment,Masters,STEM,12,100-500,Pvt Ltd,2,10
city_149,0.6890000000000001,,Has relevent experience,Full time course,Graduate,STEM,6,50-99,Pvt Ltd,4,54
city_160,0.92,Male,Has relevent experience,no_enrollment,Graduate,STEM,5,50-99,Early Stage Startup,1,3
city_16,0.91,Male,Has relevent experience,no_enrollment,High School,,>20,,,1,40
city_103,0.92,Male,Has relevent experience,no_enrollment,,,>20,,,>4,150
city_100,0.887,Male,Has relevent experience,no_enrollment,Graduate,STEM,>20,50-99,Pvt Ltd,never,67
city_75,0.939,Male,No relevent experience,no_enrollment,Graduate,STEM,9,,,1,74
city_134,0.698,,No relevent experience,no_enrollment,,,,,,never,45
city_21,0.624,Male,Has relevent experience,no_enrollment,Masters,STEM,9,,,never,100
city_71,0.884,Female,Has relevent experience,Part time course,,,10,100-500,Pvt Ltd,2,57
city_160,0.92,Male,Has relevent experience,no_enrollment,Graduate,STEM,10,10000+,,1,56
city_114,0.926,Male,No relevent experience,Part time course,Masters,STEM,>20,<10,Funded Startup,1,15
city_173,0.878,Male,No relevent experience,Full time course,Graduate,STEM,7,,,1,52
city_175,0.7759999999999999,Female,Has relevent experience,no_enrollment,Graduate,STEM,17,,,>4,13
city_21,0.624,Male,Has relevent experience,no_enrollment,Graduate,STEM,5,10000+,Pvt Ltd,1,26
city_94,0.698,,Has relevent experience,Part time course,High School,,9,,,4,74
city_103,0.92,Female,Has relevent experience,no_enrollment,Graduate,STEM,>20,1000-4999,Pvt Ltd,1,91
city_21,0.624,,No relevent experience,no_enrollment,Masters,STEM,>20,500-999,,1,288
city_149,0.6890000000000001,Male,Has relevent experience,no_enrollment,Graduate,STEM,3,,,1,68
city_21,0.624,Male,Has relevent experience,no_enrollment,Graduate,STEM,11,10000+,Pvt Ltd,never,45
city_21,0.624,,Has relevent experience,Full time course,Graduate,STEM,3,50-99,Pvt Ltd,2,6
city_103,0.92,Male,Has relevent experience,no_enrollment,Masters,STEM,>20,50-99,Pvt Ltd,1,28
city_136,0.897,Male,Has relevent experience,no_enrollment,Masters,STEM,9,500-999,Pvt Ltd,2,13
city_28,0.939,Male,No relevent experience,no_enrollment,Graduate,Humanities,12,50-99,Public Sector,>4,22
city_114,0.926,,Has relevent experience,no_enrollment,Masters,STEM,17,100-500,Pvt Ltd,1,50
city_103,0.92,Female,Has relevent experience,no_enrollment,Masters,STEM,10,10000+,Pvt Ltd,1,21
city_75,0.939,Male,Has relevent experience,no_enrollment,Masters,STEM,14,10000+,Pvt Ltd,1,82
city_160,0.92,Male,Has relevent experience,no_enrollment,Graduate,STEM,13,50-99,Funded Startup,1,10
city_104,0.924,Male,Has relevent experience,no_enrollment,Graduate,STEM,6,50-99,,1,166
city_36,0.893,Male,Has relevent experience,Full time course,High School,,9,,,2,68
city_141,0.763,Male,Has relevent experience,no_enrollment,Masters,STEM,4,50-99,,1,110
city_50,0.8959999999999999,Male,Has relevent experience,no_enrollment,Masters,STEM,>20,<10,Pvt Ltd,>4,39
city_103,0.92,Male,Has relevent experience,no_enrollment,Graduate,STEM,>20,1000-4999,Pvt Ltd,>4,56
city_73,0.754,Male,No relevent experience,Full time course,Graduate,STEM,8,,,>4,44
city_21,0.624,,Has relevent experience,no_enrollment,Masters,STEM,10,100-500,Pvt Ltd,4,44
city_16,0.91,Male,Has relevent experience,no_enrollment,Graduate,STEM,12,50-99,Pvt Ltd,>4,91
city_11,0.55,,Has relevent experience,no_enrollment,Masters,Business Degree,4,10/49,Pvt Ltd,1,97
city_2,0.7879999999999999,,No relevent experience,no_enrollment,Graduate,STEM,11,50-99,Pvt Ltd,>4,48
city_160,0.92,Male,Has relevent experience,no_enrollment,Graduate,STEM,6,,,1,114
city_103,0.92,Male,Has relevent experience,no_enrollment,Graduate,Business Degree,7,100-500,Funded Startup,1,16
city_103,0.92,Male,Has relevent experience,no_enrollment,Masters,STEM,>20,<10,Funded Startup,1,81
city_136,0.897,Male,Has relevent experience,Full time course,Masters,STEM,13,,,1,18
city_21,0.624,Male,No relevent experience,Full time course,Graduate,STEM,3,,,never,38
city_160,0.92,Male,No relevent experience,no_enrollment,Masters,STEM,10,100-500,Public Sector,1,87
city_158,0.7659999999999999,Male,Has relevent experience,no_enrollment,Masters,STEM,10,100-500,Pvt Ltd,1,64
city_31,0.807,Female,No relevent experience,no_enrollment,Masters,STEM,5,,,1,94
city_97,0.925,Male,Has relevent experience,no_enrollment,Graduate,STEM,5,100-500,Pvt Ltd,1,64
city_53,0.74,Male,Has relevent experience,no_enrollment,Graduate,STEM,14,100-500,Pvt Ltd,4,84
city_160,0.92,Male,Has relevent experience,no_enrollment,Graduate,STEM,5,<10,Early Stage Startup,1,15
city_138,0.836,Male,Has relevent experience,Part time course,Graduate,STEM,9,,,2,21
city_114,0.926,Male,No relevent experience,Full time course,Graduate,STEM,7,500-999,Public Sector,never,25
city_103,0.92,Male,Has relevent experience,no_enrollment,Masters,STEM,15,10000+,Pvt Ltd,1,112
city_21,0.624,Male,Has relevent experience,no_enrollment,Graduate,STEM,>20,,,1,182
city_61,0.913,Male,No relevent experience,no_enrollment,Masters,STEM,>20,10000+,Pvt Ltd,2,9
city_2,0.7879999999999999,Male,Has relevent experience,no_enrollment,Masters,STEM,>20,,,>4,155
city_55,0.7390000000000001,Male,No relevent experience,Full time course,Masters,STEM,5,,,1,50
city_155,0.556,Male,Has relevent experience,no_enrollment,Masters,STEM,>20,,,2,27
city_21,0.624,Male,Has relevent experience,Full time course,Graduate,STEM,9,10000+,Pvt Ltd,1,58
city_21,0.624,Male,Has relevent experience,Full time course,Graduate,STEM,9,500-999,Pvt Ltd,>4,52
city_16,0.91,,Has relevent experience,no_enrollment,Phd,STEM,>20,5000-9999,NGO,2,130
city_75,0.939,Male,Has relevent experience,no_enrollment,Phd,STEM,>20,1000-4999,Pvt Ltd,2,27
city_45,0.89,Male,No relevent experience,no_enrollment,Graduate,No Major,2,50-99,Pvt Ltd,never,50
city_160,0.92,Male,Has relevent experience,Full time course,Masters,STEM,9,100-500,Pvt Ltd,2,47
city_76,0.698,Male,Has relevent experience,Full time course,Graduate,STEM,6,1000-4999,Pvt Ltd,2,56
city_9,0.743,Female,No relevent experience,Full time course,High School,,4,,,never,22
city_114,0.926,Male,Has relevent experience,Full time course,Graduate,STEM,4,10000+,Pvt Ltd,1,65
city_160,0.92,,No relevent experience,no_enrollment,Graduate,STEM,19,,,4,21
city_21,0.624,Male,Has relevent experience,no_enrollment,Graduate,STEM,5,100-500,Pvt Ltd,1,30
city_103,0.92,Male,Has relevent experience,no_enrollment,Graduate,STEM,9,500-999,Public Sector,1,45
city_16,0.91,Female,Has relevent experience,no_enrollment,Graduate,STEM,>20,,,3,55
city_160,0.92,,Has relevent experience,no_enrollment,Graduate,Business Degree,15,1000-4999,Pvt Ltd,>4,98
city_9,0.743,,Has relevent experience,no_enrollment,Masters,STEM,9,100-500,NGO,1,146
city_21,0.624,Male,Has relevent experience,no_enrollment,Graduate,STEM,9,500-999,Pvt Ltd,4,144
city_103,0.92,Male,Has relevent experience,no_enrollment,Masters,STEM,15,100-500,Funded Startup,2,74
city_16,0.91,Male,Has relevent experience,no_enrollment,Graduate,STEM,4,500-999,Pvt Ltd,1,87
city_116,0.743,,Has relevent experience,no_enrollment,High School,,4,<10,Early Stage Startup,1,14
city_77,0.83,Male,Has relevent experience,no_enrollment,Masters,STEM,11,10/49,Funded Startup,2,116
city_103,0.92,Male,Has relevent experience,no_enrollment,Graduate,STEM,5,100-500,Pvt Ltd,1,29
city_114,0.926,Male,No relevent experience,Full time course,High School,,11,,,never,45
city_16,0.91,,Has relevent experience,no_enrollment,Graduate,STEM,7,10/49,Pvt Ltd,1,39
city_16,0.91,Male,Has relevent experience,no_enrollment,Graduate,STEM,6,50-99,Pvt Ltd,1,26
city_21,0.624,Male,No relevent experience,no_enrollment,Graduate,STEM,2,100-500,Pvt Ltd,1,140
city_118,0.722,,Has relevent experience,Part time course,Masters,STEM,10,1000-4999,Pvt Ltd,3,19
city_21,0.624,Male,Has relevent experience,no_enrollment,Graduate,STEM,2,10/49,Early Stage Startup,1,28
city_103,0.92,Male,No relevent experience,Full time course,Graduate,STEM,2,,,1,73
city_21,0.624,Male,Has relevent experience,no_enrollment,Graduate,STEM,8,500-999,Pvt Ltd,1,37
city_45,0.89,Male,Has relevent experience,no_enrollment,High School,,16,100-500,Other,2,39
city_11,0.55,Male,Has relevent experience,Part time course,High School,,4,,,1,32
city_16,0.91,Male,Has relevent experience,no_enrollment,High School,,17,,,1,43
city_103,0.92,Male,Has relevent experience,no_enrollment,Graduate,STEM,14,1000-4999,Pvt Ltd,4,150
city_136,0.897,,Has relevent experience,no_enrollment,Masters,STEM,15,10000+,Pvt Ltd,4,96
city_173,0.878,Male,Has relevent experience,no_enrollment,Masters,STEM,11,100-500,,1,6
city_103,0.92,Male,Has relevent experience,no_enrollment,Graduate,Humanities,7,50-99,Pvt Ltd,2,23
city_160,0.92,,No relevent experience,no_enrollment,Masters,STEM,8,50-99,Pvt Ltd,4,57
city_103,0.92,Male,No relevent experience,no_enrollment,Graduate,STEM,15,500-999,Public Sector,3,286
city_18,0.8240000000000001,Female,Has relevent experience,no_enrollment,Graduate,STEM,5,<10,Funded Startup,1,16
city_159,0.843,Male,Has relevent experience,no_enrollment,Graduate,STEM,7,50-99,Pvt Ltd,1,24
city_160,0.92,Male,Has relevent experience,no_enrollment,Masters,STEM,>20,,Pvt Ltd,1,9
city_104,0.924,Male,Has relevent experience,no_enrollment,Phd,STEM,9,100-500,Pvt Ltd,1,11
city_103,0.92,Male,Has relevent experience,no_enrollment,Graduate,STEM,19,100-500,NGO,1,21
city_104,0.924,Male,Has relevent experience,Full time course,Graduate,STEM,6,50-99,Pvt Ltd,1,86
city_114,0.926,Male,No relevent experience,Full time course,Masters,Other,8,10000+,Public Sector,4,134
city_90,0.698,,No relevent experience,,Graduate,STEM,<1,<10,,,55
city_103,0.92,Male,No relevent experience,Full time course,Masters,STEM,9,,,>4,55
city_103,0.92,Male,Has relevent experience,no_enrollment,Graduate,STEM,7,,,1,63
city_75,0.939,Male,Has relevent experience,Full time course,Graduate,STEM,>20,1000-4999,Pvt Ltd,1,35
city_16,0.91,Male,No relevent experience,Full time course,Graduate,STEM,,500-999,,1,153
city_16,0.91,Male,Has relevent experience,no_enrollment,Graduate,STEM,11,100-500,Pvt Ltd,2,31
city_103,0.92,Male,No relevent experience,no_enrollment,Primary School,,9,,,never,42
city_136,0.897,,Has relevent experience,no_enrollment,Masters,STEM,10,,,1,18
city_104,0.924,,Has relevent experience,no_enrollment,High School,,>20,10000+,Pvt Ltd,4,23
city_91,0.691,Male,No relevent experience,Full time course,High School,,2,,,never,55
city_67,0.855,Male,No relevent experience,no_enrollment,Masters,STEM,14,<10,Pvt Ltd,1,34
city_136,0.897,Male,Has relevent experience,no_enrollment,Masters,STEM,7,<10,Early Stage Startup,2,76
city_103,0.92,,Has relevent experience,Part time course,Graduate,STEM,15,100-500,Public Sector,1,106
city_103,0.92,Female,Has relevent experience,no_enrollment,Masters,STEM,6,5000-9999,Pvt Ltd,1,16
city_141,0.763,Male,Has relevent experience,no_enrollment,Graduate,STEM,12,50-99,Pvt Ltd,1,288
city_21,0.624,Male,Has relevent experience,no_enrollment,Graduate,STEM,13,10000+,Pvt Ltd,3,53
city_138,0.836,Male,No relevent experience,no_enrollment,Graduate,STEM,10,,,1,42
city_10,0.895,Male,Has relevent experience,no_enrollment,Graduate,STEM,18,50-99,Funded Startup,1,24
city_114,0.926,Male,No relevent experience,Full time course,Graduate,STEM,3,50-99,Pvt Ltd,1,59
city_16,0.91,Male,No relevent experience,no_enrollment,Graduate,Other,<1,500-999,Pvt Ltd,1,16
city_103,0.92,Male,Has relevent experience,no_enrollment,Masters,STEM,>20,10/49,Pvt Ltd,>4,9
city_103,0.92,Male,No relevent experience,Full time course,High School,,5,,,1,27
city_102,0.804,Male,Has relevent experience,no_enrollment,Graduate,STEM,13,,,2,18
city_114,0.926,Male,Has relevent experience,no_enrollment,Graduate,STEM,5,1000-4999,Pvt Ltd,1,152
city_99,0.915,Male,Has relevent experience,no_enrollment,Graduate,STEM,5,500-999,Pvt Ltd,1,28
city_128,0.527,Male,Has relevent experience,Part time course,Masters,STEM,13,,,>4,20
city_75,0.939,Female,No relevent experience,Full time course,High School,,6,,,never,70
city_98,0.949,Male,Has relevent experience,no_enrollment,Graduate,STEM,17,,,1,18
city_89,0.925,Male,Has relevent experience,no_enrollment,Graduate,STEM,8,50-99,Funded Startup,2,85
city_65,0.802,Male,Has relevent experience,no_enrollment,Graduate,STEM,15,500-999,Pvt Ltd,>4,10
city_75,0.939,Male,Has relevent experience,no_enrollment,Graduate,STEM,16,10000+,Pvt Ltd,3,28
city_103,0.92,,Has relevent experience,no_enrollment,Graduate,Business Degree,2,5000-9999,Pvt Ltd,1,148
city_103,0.92,Male,Has relevent experience,no_enrollment,Graduate,STEM,>20,50-99,Pvt Ltd,1,20
city_103,0.92,Male,Has relevent experience,no_enrollment,Graduate,STEM,14,100-500,Funded Startup,1,11
city_21,0.624,Male,Has relevent experience,Full time course,Graduate,STEM,3,,,1,3
city_103,0.92,,Has relevent experience,no_enrollment,Phd,STEM,>20,10000+,Pvt Ltd,4,80
city_103,0.92,Female,Has relevent experience,no_enrollment,Graduate,STEM,10,10000+,NGO,3,84
city_160,0.92,Male,Has relevent experience,no_enrollment,Graduate,STEM,7,50-99,Funded Startup,1,21
city_16,0.91,Male,No relevent experience,no_enrollment,Graduate,STEM,11,100-500,NGO,>4,122
city_104,0.924,Male,No relevent experience,Full time course,High School,,5,,,2,25
city_152,0.698,Male,Has relevent experience,no_enrollment,Masters,STEM,12,1000-4999,Pvt Ltd,1,146
city_67,0.855,Male,Has relevent experience,no_enrollment,Masters,STEM,15,10/49,Pvt Ltd,1,63
city_11,0.55,Male,Has relevent experience,no_enrollment,Graduate,STEM,<1,,Pvt Ltd,1,41
city_97,0.925,,Has relevent experience,no_enrollment,Graduate,STEM,11,10/49,Early Stage Startup,1,46
city_103,0.92,Male,Has relevent experience,no_enrollment,Graduate,Other,>20,500-999,Pvt Ltd,>4,30
city_21,0.624,,Has relevent experience,no_enrollment,Graduate,STEM,6,10000+,Pvt Ltd,2,47
city_57,0.866,Male,Has relevent experience,Full time course,Masters,STEM,6,,,1,210
city_162,0.767,,Has relevent experience,Full time course,Graduate,STEM,3,100-500,Pvt Ltd,1,13
city_19,0.682,Male,Has relevent experience,no_enrollment,Graduate,STEM,5,100-500,Pvt Ltd,1,63
city_160,0.92,Male,No relevent experience,Part time course,Graduate,STEM,3,50-99,Pvt Ltd,>4,23
city_103,0.92,Male,Has relevent experience,no_enrollment,Graduate,STEM,>20,10/49,Funded Startup,never,90
city_75,0.939,Male,Has relevent experience,no_enrollment,Graduate,STEM,14,5000-9999,Public Sector,1,44
city_21,0.624,Male,Has relevent experience,no_enrollment,Graduate,STEM,6,50-99,,1,101
city_103,0.92,Male,Has relevent experience,no_enrollment,Graduate,STEM,>20,1000-4999,Pvt Ltd,4,104
city_21,0.624,Male,Has relevent experience,Full time course,Graduate,STEM,10,,,3,180
city_40,0.7759999999999999,Male,Has relevent experience,Part time course,Graduate,STEM,10,10/49,Pvt Ltd,>4,13
city_21,0.624,Female,Has relevent experience,Full time course,Masters,STEM,7,500-999,Pvt Ltd,1,50
city_67,0.855,Female,Has relevent experience,Full time course,Graduate,STEM,6,1000-4999,Pvt Ltd,2,41
city_123,0.738,Male,Has relevent experience,no_enrollment,Graduate,STEM,14,1000-4999,Pvt Ltd,2,29
city_16,0.91,,No relevent experience,Full time course,Graduate,STEM,1,,,,42
city_101,0.5579999999999999,,No relevent experience,no_enrollment,Masters,Humanities,4,,,1,46
city_67,0.855,Male,Has relevent experience,no_enrollment,Graduate,STEM,2,,,1,28
city_90,0.698,Male,Has relevent experience,Part time course,Graduate,STEM,10,,,1,149
city_105,0.794,Male,Has relevent experience,no_enrollment,Graduate,Humanities,11,,,2,41
city_21,0.624,Male,Has relevent experience,no_enrollment,Masters,STEM,16,10000+,Pvt Ltd,4,25
city_21,0.624,Male,No relevent experience,Full time course,High School,,4,,,never,74
city_103,0.92,Male,Has relevent experience,no_enrollment,Masters,STEM,17,100-500,Pvt Ltd,4,2
city_24,0.698,,Has relevent experience,no_enrollment,Masters,STEM,14,50-99,Pvt Ltd,never,6
city_103,0.92,Male,Has relevent experience,no_enrollment,Masters,STEM,>20,<10,Pvt Ltd,>4,180
city_103,0.92,Other,Has relevent experience,no_enrollment,Graduate,Arts,5,10/49,Early Stage Startup,1,98
city_21,0.624,,Has relevent experience,no_enrollment,Masters,STEM,8,10/49,Funded Startup,1,61
city_16,0.91,,Has relevent experience,no_enrollment,Phd,STEM,7,1000-4999,Public Sector,1,81
city_16,0.91,,Has relevent experience,no_enrollment,Graduate,STEM,8,10000+,Pvt Ltd,>4,7
city_21,0.624,,Has relevent experience,Part time course,Graduate,STEM,5,100-500,Pvt Ltd,2,13
city_103,0.92,Male,Has relevent experience,no_enrollment,Graduate,STEM,>20,10000+,Pvt Ltd,3,157
city_75,0.939,Male,Has relevent experience,no_enrollment,Graduate,STEM,>20,1000-4999,Pvt Ltd,1,302
city_103,0.92,Male,No relevent experience,no_enrollment,Primary School,,5,,,never,20
city_149,0.6890000000000001,Male,No relevent experience,no_enrollment,Graduate,STEM,12,<10,Public Sector,1,117
city_103,0.92,,No relevent experience,no_enrollment,Masters,STEM,>20,100-500,Pvt Ltd,4,125
city_114,0.926,Male,No relevent experience,no_enrollment,Masters,STEM,4,<10,Pvt Ltd,2,21
city_90,0.698,Male,Has relevent experience,Part time course,High School,,12,,,4,31
city_138,0.836,Male,Has relevent experience,no_enrollment,Masters,STEM,>20,,,never,19
city_114,0.926,Male,Has relevent experience,no_enrollment,High School,,14,100-500,Pvt Ltd,>4,74
city_114,0.926,Male,Has relevent experience,no_enrollment,Phd,STEM,>20,50-99,Pvt Ltd,2,28
city_16,0.91,Male,Has relevent experience,no_enrollment,Masters,STEM,>20,<10,Early Stage Startup,2,130
city_103,0.92,Male,Has relevent experience,no_enrollment,Graduate,STEM,9,500-999,Funded Startup,1,64
city_16,0.91,Male,Has relevent experience,no_enrollment,Graduate,STEM,>20,<10,Pvt Ltd,4,105
city_103,0.92,,No relevent experience,no_enrollment,Phd,STEM,5,1000-4999,Public Sector,1,39
city_91,0.691,,Has relevent experience,no_enrollment,Graduate,STEM,,100-500,Pvt Ltd,1,56
city_103,0.92,Male,Has relevent experience,no_enrollment,High School,,5,,,4,163
city_173,0.878,Male,No relevent experience,Full time course,High School,,7,,Public Sector,2,28
city_46,0.762,Male,No relevent experience,,Graduate,STEM,4,,,1,44
city_159,0.843,,No relevent experience,Full time course,Graduate,STEM,1,,,never,40
city_76,0.698,Male,Has relevent experience,Part time course,Masters,STEM,7,,,3,56
city_160,0.92,,Has relevent experience,no_enrollment,Graduate,STEM,>20,,,>4,18
city_115,0.789,Male,No relevent experience,Full time course,Graduate,STEM,6,,,3,22
city_36,0.893,,No relevent experience,no_enrollment,High School,,,,,never,44
city_103,0.92,Male,No relevent experience,Full time course,Graduate,STEM,4,,,1,28
city_67,0.855,,No relevent experience,Full time course,Graduate,STEM,6,,,1,55
city_16,0.91,Male,No relevent experience,no_enrollment,Graduate,STEM,9,10/49,Pvt Ltd,4,21
city_103,0.92,Male,Has relevent experience,no_enrollment,Graduate,STEM,3,,,2,112
city_102,0.804,Male,No relevent experience,no_enrollment,High School,,>20,50-99,Pvt Ltd,>4,125
city_104,0.924,Male,No relevent experience,no_enrollment,Graduate,STEM,10,100-500,Pvt Ltd,1,55
city_103,0.92,Male,Has relevent experience,no_enrollment,Graduate,Arts,9,50-99,Funded Startup,2,22
city_103,0.92,Male,Has relevent experience,no_enrollment,Graduate,STEM,14,,,1,60
city_103,0.92,,No relevent experience,Part time course,Graduate,STEM,18,10000+,Pvt Ltd,2,55
city_116,0.743,Female,Has relevent experience,no_enrollment,Graduate,STEM,>20,50-99,Pvt Ltd,>4,18
city_67,0.855,Male,Has relevent experience,no_enrollment,Graduate,STEM,8,,,1,130
city_21,0.624,,No relevent experience,Full time course,Graduate,STEM,4,,,never,37
city_21,0.624,,Has relevent experience,no_enrollment,Graduate,STEM,6,100-500,Pvt Ltd,1,20
city_75,0.939,Male,Has relevent experience,no_enrollment,Graduate,STEM,6,,Public Sector,1,12
city_103,0.92,Male,Has relevent experience,no_enrollment,Phd,STEM,9,100-500,Funded Startup,1,40
city_114,0.926,Male,Has relevent experience,no_enrollment,Masters,STEM,>20,50-99,Early Stage Startup,1,24
city_114,0.926,Male,Has relevent experience,no_enrollment,Masters,STEM,>20,10/49,Pvt Ltd,>4,70
city_136,0.897,Male,No relevent experience,no_enrollment,Masters,STEM,12,10/49,Funded Startup,2,14
city_16,0.91,Male,Has relevent experience,no_enrollment,Graduate,STEM,16,<10,Pvt Ltd,1,90
city_104,0.924,Male,Has relevent experience,no_enrollment,Graduate,STEM,10,50-99,Pvt Ltd,>4,36
city_16,0.91,Male,Has relevent experience,no_enrollment,Masters,STEM,7,100-500,NGO,1,74
city_160,0.92,Male,Has relevent experience,no_enrollment,Graduate,STEM,8,50-99,Pvt Ltd,>4,94
city_103,0.92,Male,Has relevent experience,no_enrollment,Masters,STEM,5,50-99,Pvt Ltd,1,76
city_61,0.913,Male,No relevent experience,Full time course,Graduate,STEM,5,,,4,32
city_102,0.804,Male,No relevent experience,no_enrollment,Graduate,STEM,19,,,>4,126
city_102,0.804,Male,No relevent experience,Full time course,Graduate,STEM,5,,,never,102
city_103,0.92,Male,Has relevent experience,no_enrollment,Graduate,Humanities,15,,,1,154
city_138,0.836,Male,Has relevent experience,no_enrollment,Masters,STEM,>20,,,3,48
city_114,0.926,Male,No relevent experience,Full time course,High School,,7,,,1,18
city_103,0.92,Male,No relevent experience,no_enrollment,High School,,<1,,,never,105
city_158,0.7659999999999999,,Has relevent experience,no_enrollment,Graduate,STEM,6,50-99,Pvt Ltd,2,282
city_103,0.92,Male,Has relevent experience,no_enrollment,Masters,STEM,>20,50-99,Funded Startup,1,48
city_103,0.92,Female,Has relevent experience,no_enrollment,Graduate,STEM,11,100-500,NGO,1,15
city_90,0.698,Male,Has relevent experience,no_enrollment,High School,,7,<10,Funded Startup,1,48
city_71,0.884,,Has relevent experience,no_enrollment,Graduate,STEM,5,50-99,,1,21
city_16,0.91,Male,No relevent experience,no_enrollment,Masters,STEM,>20,,,>4,83
city_67,0.855,Male,Has relevent experience,no_enrollment,Masters,STEM,8,10000+,Pvt Ltd,>4,3
city_93,0.865,Male,Has relevent experience,Full time course,Graduate,STEM,6,10/49,Early Stage Startup,4,92
city_65,0.802,Male,No relevent experience,Full time course,Graduate,STEM,4,,Pvt Ltd,never,114
city_100,0.887,Male,Has relevent experience,no_enrollment,Graduate,Arts,20,5000-9999,Pvt Ltd,1,26
city_21,0.624,,Has relevent experience,no_enrollment,Masters,STEM,4,,,1,9
city_16,0.91,Male,Has relevent experience,no_enrollment,Graduate,STEM,19,100-500,Pvt Ltd,4,24
city_21,0.624,Male,Has relevent experience,no_enrollment,Graduate,STEM,5,,,2,188
city_21,0.624,,No relevent experience,Full time course,High School,,<1,,,never,111
city_114,0.926,Other,No relevent experience,no_enrollment,Masters,STEM,7,10000+,Pvt Ltd,1,48
city_103,0.92,Male,Has relevent experience,no_enrollment,Graduate,STEM,10,10000+,Pvt Ltd,4,165
city_21,0.624,Male,Has relevent experience,no_enrollment,Masters,STEM,17,<10,Pvt Ltd,1,50
city_102,0.804,Male,Has relevent experience,no_enrollment,Graduate,STEM,7,,,1,18
city_103,0.92,Female,No relevent experience,no_enrollment,Masters,Humanities,2,1000-4999,Public Sector,2,72
city_21,0.624,Male,Has relevent experience,no_enrollment,Graduate,STEM,5,50-99,Funded Startup,1,34
city_103,0.92,Female,Has relevent experience,Part time course,Graduate,STEM,10,1000-4999,,2,37
city_103,0.92,Male,Has relevent experience,no_enrollment,Graduate,STEM,10,10000+,Pvt Ltd,1,38
city_65,0.802,Male,Has relevent experience,no_enrollment,Graduate,STEM,6,50-99,Pvt Ltd,2,14
city_16,0.91,,Has relevent experience,Part time course,Graduate,STEM,4,1000-4999,Pvt Ltd,4,56
city_103,0.92,Other,Has relevent experience,no_enrollment,Graduate,STEM,13,5000-9999,Pvt Ltd,1,98
city_104,0.924,Male,No relevent experience,Full time course,Masters,STEM,9,100-500,Public Sector,1,45
city_19,0.682,Male,No relevent experience,,High School,,<1,,,never,62
city_116,0.743,Male,No relevent experience,no_enrollment,Graduate,STEM,4,,,3,54
city_103,0.92,Male,No relevent experience,no_enrollment,Graduate,STEM,16,1000-4999,Other,>4,56
city_77,0.83,Male,Has relevent experience,no_enrollment,Masters,STEM,9,50-99,Pvt Ltd,1,66
city_67,0.855,,Has relevent experience,Full time course,Masters,STEM,14,10000+,Pvt Ltd,4,12
city_24,0.698,Male,No relevent experience,Full time course,High School,,7,,,never,28
city_104,0.924,Male,Has relevent experience,no_enrollment,High School,,4,10/49,Pvt Ltd,2,36
city_103,0.92,Male,No relevent experience,Full time course,Masters,STEM,10,,,1,105
city_23,0.899,Male,Has relevent experience,Part time course,Graduate,STEM,16,10000+,Pvt Ltd,3,9
city_102,0.804,Male,No relevent experience,no_enrollment,Graduate,STEM,11,50-99,Pvt Ltd,1,136
city_103,0.92,Male,Has relevent experience,no_enrollment,Masters,STEM,16,10000+,Public Sector,2,21
city_21,0.624,Male,No relevent experience,no_enrollment,Masters,STEM,2,50-99,Pvt Ltd,1,144
city_61,0.913,Female,No relevent experience,no_enrollment,Graduate,Other,3,,,>4,99
city_103,0.92,Male,Has relevent experience,no_enrollment,Graduate,STEM,14,100-500,Pvt Ltd,1,50
city_23,0.899,Female,Has relevent experience,no_enrollment,Graduate,STEM,>20,100-500,Pvt Ltd,1,17
city_102,0.804,Male,Has relevent experience,Part time course,Primary School,,5,,,1,13
city_102,0.804,Male,Has relevent experience,no_enrollment,Graduate,STEM,10,1000-4999,Pvt Ltd,4,52
city_152,0.698,Male,No relevent experience,Full time course,Graduate,STEM,4,,Pvt Ltd,never,133
city_103,0.92,Male,No relevent experience,no_enrollment,Masters,Humanities,15,50-99,Funded Startup,2,8
city_21,0.624,Male,Has relevent experience,no_enrollment,Masters,STEM,3,50-99,Funded Startup,1,111
city_136,0.897,Male,Has relevent experience,no_enrollment,Graduate,STEM,12,500-999,,2,13
city_103,0.92,Male,No relevent experience,Full time course,Graduate,Other,2,,,1,72
city_43,0.516,,Has relevent experience,Full time course,Graduate,STEM,4,,,1,15
city_16,0.91,Male,Has relevent experience,no_enrollment,Graduate,STEM,15,10000+,Pvt Ltd,2,100
city_90,0.698,,No relevent experience,no_enrollment,Graduate,STEM,8,,,1,91
city_103,0.92,,No relevent experience,no_enrollment,Graduate,STEM,>20,,,>4,13
city_103,0.92,Male,Has relevent experience,no_enrollment,Graduate,Business Degree,3,1000-4999,Pvt Ltd,1,26
city_102,0.804,,No relevent experience,Full time course,Primary School,,7,,,never,94
city_160,0.92,Male,Has relevent experience,Full time course,High School,,8,100-500,Pvt Ltd,1,13
city_21,0.624,,Has relevent experience,no_enrollment,Graduate,STEM,<1,10000+,Pvt Ltd,never,25
city_144,0.84,,Has relevent experience,no_enrollment,Masters,STEM,6,50-99,Pvt Ltd,1,29
city_100,0.887,,Has relevent experience,no_enrollment,Masters,STEM,19,1000-4999,Pvt Ltd,,104
city_53,0.74,Male,Has relevent experience,no_enrollment,Masters,STEM,16,1000-4999,Public Sector,1,51
city_16,0.91,Male,No relevent experience,no_enrollment,Graduate,STEM,>20,,,never,78
city_103,0.92,Male,Has relevent experience,no_enrollment,Graduate,STEM,10,,,1,126
city_114,0.926,Male,Has relevent experience,Part time course,Graduate,STEM,9,10000+,Pvt Ltd,2,74
city_16,0.91,Male,Has relevent experience,no_enrollment,Masters,STEM,9,10/49,Pvt Ltd,2,28
city_103,0.92,Male,Has relevent experience,no_enrollment,Graduate,STEM,>20,5000-9999,NGO,4,36
city_103,0.92,Male,Has relevent experience,no_enrollment,Graduate,STEM,17,100-500,Pvt Ltd,1,39
city_114,0.926,Male,No relevent experience,Full time course,Graduate,STEM,14,<10,Early Stage Startup,1,28
city_21,0.624,Male,Has relevent experience,no_enrollment,Graduate,STEM,12,<10,Funded Startup,1,47
city_103,0.92,Male,Has relevent experience,no_enrollment,Masters,STEM,>20,100-500,Funded Startup,1,24
city_116,0.743,Male,Has relevent experience,no_enrollment,Graduate,STEM,17,,Pvt Ltd,2,20
city_21,0.624,,Has relevent experience,,Masters,STEM,13,,,1,68
city_160,0.92,,No relevent experience,Full time course,Graduate,STEM,3,,,1,14
city_65,0.802,Male,Has relevent experience,Part time course,Graduate,STEM,6,10000+,Pvt Ltd,2,40
city_100,0.887,Male,Has relevent experience,no_enrollment,High School,,12,50-99,Pvt Ltd,4,128
city_28,0.939,Male,Has relevent experience,no_enrollment,High School,,6,<10,Early Stage Startup,never,31
city_16,0.91,Male,Has relevent experience,no_enrollment,Masters,STEM,>20,50-99,Pvt Ltd,1,14
city_103,0.92,Male,No relevent experience,Full time course,Graduate,STEM,6,,,1,220
city_77,0.83,Male,Has relevent experience,Full time course,Graduate,STEM,14,100-500,Pvt Ltd,1,136
city_73,0.754,Male,Has relevent experience,Part time course,Graduate,STEM,7,10/49,Public Sector,1,158
city_16,0.91,Male,Has relevent experience,no_enrollment,Graduate,STEM,4,1000-4999,Pvt Ltd,1,58
city_16,0.91,Male,No relevent experience,no_enrollment,,,9,,,never,21
city_162,0.767,Male,Has relevent experience,no_enrollment,Masters,STEM,10,<10,Pvt Ltd,>4,114
city_116,0.743,Male,Has relevent experience,no_enrollment,Masters,STEM,5,1000-4999,Pvt Ltd,2,31
city_103,0.92,Female,No relevent experience,Full time course,Graduate,STEM,3,,Pvt Ltd,1,11
city_104,0.924,Male,Has relevent experience,no_enrollment,Masters,STEM,>20,1000-4999,Pvt Ltd,1,149
city_136,0.897,Male,Has relevent experience,no_enrollment,Graduate,STEM,13,100-500,Pvt Ltd,1,31
city_21,0.624,Male,No relevent experience,no_enrollment,Graduate,STEM,8,,,1,111
city_133,0.742,Male,Has relevent experience,no_enrollment,Graduate,Business Degree,4,10/49,Pvt Ltd,1,188
city_114,0.926,Male,No relevent experience,Full time course,Graduate,STEM,2,<10,Pvt Ltd,1,165
city_103,0.92,Male,Has relevent experience,Part time course,Graduate,STEM,5,10/49,Pvt Ltd,3,44
city_11,0.55,Male,Has relevent experience,no_enrollment,Graduate,STEM,6,10/49,Pvt Ltd,2,27
city_103,0.92,Female,No relevent experience,no_enrollment,Graduate,Business Degree,3,100-500,Pvt Ltd,2,127
city_100,0.887,,Has relevent experience,Part time course,High School,,6,10000+,Public Sector,1,91
city_61,0.913,Female,Has relevent experience,no_enrollment,Graduate,STEM,9,500-999,Pvt Ltd,1,71
city_136,0.897,Male,No relevent experience,no_enrollment,Masters,Arts,4,,,never,51
city_16,0.91,Male,Has relevent experience,no_enrollment,Graduate,STEM,12,50-99,Pvt Ltd,>4,41
city_123,0.738,Male,No relevent experience,Full time course,High School,,1,,,,42
city_75,0.939,,No relevent experience,no_enrollment,Graduate,STEM,>20,100-500,Pvt Ltd,>4,21
city_114,0.926,,No relevent experience,Full time course,High School,,1,50-99,Public Sector,1,74
city_11,0.55,Male,Has relevent experience,no_enrollment,Graduate,STEM,5,,,1,146
city_14,0.698,,No relevent experience,Part time course,Graduate,STEM,>20,50-99,Pvt Ltd,1,90
city_123,0.738,Male,Has relevent experience,no_enrollment,Graduate,STEM,6,100-500,Funded Startup,1,25
city_21,0.624,Male,Has relevent experience,no_enrollment,Graduate,STEM,4,50-99,Early Stage Startup,1,27
city_118,0.722,Male,Has relevent experience,no_enrollment,Graduate,STEM,10,50-99,Pvt Ltd,1,13
city_16,0.91,Male,Has relevent experience,no_enrollment,Graduate,STEM,>20,,,1,46
city_162,0.767,Male,Has relevent experience,Part time course,Graduate,STEM,7,10/49,,1,99
city_21,0.624,,Has relevent experience,Full time course,Graduate,STEM,6,<10,Pvt Ltd,>4,96
city_162,0.767,Male,Has relevent experience,no_enrollment,Graduate,STEM,10,100-500,Pvt Ltd,>4,73
city_16,0.91,,Has relevent experience,Full time course,Graduate,STEM,5,1000-4999,Pvt Ltd,1,146
city_102,0.804,Male,Has relevent experience,no_enrollment,Graduate,STEM,8,,,1,34
city_105,0.794,Male,Has relevent experience,no_enrollment,Graduate,No Major,11,100-500,NGO,1,242
city_160,0.92,Male,Has relevent experience,no_enrollment,Masters,STEM,>20,,,1,152
city_103,0.92,Male,No relevent experience,no_enrollment,,,1,,,never,6
city_71,0.884,,No relevent experience,no_enrollment,Masters,STEM,8,50-99,Pvt Ltd,1,55
city_97,0.925,,No relevent experience,Full time course,Graduate,STEM,7,,,never,55
city_21,0.624,,No relevent experience,Full time course,Masters,STEM,20,10000+,Pvt Ltd,1,27
city_64,0.6659999999999999,Male,Has relevent experience,Part time course,Graduate,Humanities,2,100-500,Pvt Ltd,2,14
city_21,0.624,Male,Has relevent experience,no_enrollment,Graduate,STEM,10,10000+,Pvt Ltd,1,59
city_114,0.926,Male,Has relevent experience,no_enrollment,Masters,STEM,>20,50-99,Pvt Ltd,>4,4
city_138,0.836,Male,Has relevent experience,no_enrollment,Masters,STEM,14,,,1,6
city_103,0.92,Male,Has relevent experience,no_enrollment,Masters,STEM,16,10000+,Pvt Ltd,>4,29
city_103,0.92,Male,Has relevent experience,no_enrollment,Graduate,STEM,>20,,,2,100
city_128,0.527,Female,Has relevent experience,no_enrollment,Masters,Other,10,<10,Pvt Ltd,2,18
city_71,0.884,Male,Has relevent experience,no_enrollment,Graduate,STEM,15,1000-4999,Pvt Ltd,1,82
city_21,0.624,,No relevent experience,Full time course,High School,,2,,,never,15
city_21,0.624,Male,Has relevent experience,Full time course,Graduate,STEM,5,100-500,Pvt Ltd,never,18
city_103,0.92,Male,Has relevent experience,no_enrollment,Graduate,STEM,2,<10,Early Stage Startup,never,11
city_114,0.926,,No relevent experience,,Masters,STEM,18,100-500,,3,147
city_21,0.624,Female,No relevent experience,Full time course,Graduate,STEM,8,,,never,53
city_114,0.926,Male,Has relevent experience,Part time course,Graduate,STEM,18,1000-4999,Pvt Ltd,never,128
city_114,0.926,Male,Has relevent experience,Part time course,Graduate,STEM,6,100-500,Funded Startup,1,57
city_103,0.92,Male,Has relevent experience,no_enrollment,Masters,STEM,>20,1000-4999,Pvt Ltd,1,40
city_21,0.624,Male,Has relevent experience,no_enrollment,Graduate,STEM,7,,,never,84
city_138,0.836,Male,Has relevent experience,no_enrollment,Phd,STEM,>20,,,never,43
city_114,0.926,Male,No relevent experience,Full time course,High School,,9,,,never,150
city_103,0.92,Male,Has relevent experience,no_enrollment,Graduate,STEM,11,,,1,67
city_65,0.802,Female,Has relevent experience,no_enrollment,Masters,STEM,12,,,1,88
city_41,0.8270000000000001,Male,Has relevent experience,no_enrollment,Masters,STEM,5,100-500,Pvt Ltd,>4,105
city_21,0.624,,Has relevent experience,Full time course,Graduate,STEM,4,50-99,Pvt Ltd,1,28
city_16,0.91,Male,Has relevent experience,no_enrollment,Graduate,STEM,>20,50-99,Pvt Ltd,1,43
city_180,0.698,,No relevent experience,no_enrollment,Graduate,STEM,3,<10,Pvt Ltd,2,43
city_103,0.92,Female,Has relevent experience,no_enrollment,Graduate,Humanities,2,100-500,Pvt Ltd,1,63
city_159,0.843,Male,Has relevent experience,Full time course,High School,,4,,,2,144
city_103,0.92,Male,Has relevent experience,no_enrollment,Graduate,STEM,9,10000+,Pvt Ltd,3,47
city_75,0.939,Male,Has relevent experience,no_enrollment,Graduate,STEM,8,50-99,Pvt Ltd,1,31
city_175,0.7759999999999999,Male,Has relevent experience,no_enrollment,Graduate,STEM,19,1000-4999,Pvt Ltd,>4,81
city_160,0.92,,Has relevent experience,no_enrollment,Masters,STEM,>20,5000-9999,Pvt Ltd,1,22
city_103,0.92,Male,Has relevent experience,no_enrollment,Graduate,Humanities,>20,,,>4,23
city_73,0.754,,Has relevent experience,no_enrollment,Masters,STEM,4,,,1,33
city_75,0.939,,Has relevent experience,no_enrollment,Graduate,STEM,7,10/49,Pvt Ltd,1,170
city_11,0.55,Male,Has relevent experience,no_enrollment,Graduate,STEM,6,10/49,Funded Startup,1,3
city_138,0.836,Male,Has relevent experience,no_enrollment,Masters,STEM,12,1000-4999,Pvt Ltd,2,40
city_103,0.92,Male,Has relevent experience,no_enrollment,Masters,STEM,13,,,1,116
city_103,0.92,,Has relevent experience,no_enrollment,Masters,STEM,,,,,70
city_114,0.926,Male,No relevent experience,Full time course,Graduate,STEM,8,,,1,92
city_103,0.92,Male,Has relevent experience,Full time course,Masters,STEM,15,50-99,Pvt Ltd,2,166
city_102,0.804,Male,Has relevent experience,no_enrollment,Masters,STEM,>20,100-500,Pvt Ltd,>4,17
city_16,0.91,Male,Has relevent experience,no_enrollment,Graduate,STEM,18,,,1,15
city_103,0.92,Male,Has relevent experience,no_enrollment,Graduate,STEM,>20,10000+,Pvt Ltd,>4,30
city_61,0.913,Male,Has relevent experience,no_enrollment,Graduate,STEM,5,<10,Early Stage Startup,never,15
city_21,0.624,,Has relevent experience,no_enrollment,Graduate,STEM,<1,,Pvt Ltd,1,6
city_173,0.878,Male,Has relevent experience,no_enrollment,High School,,17,,,1,34
city_149,0.6890000000000001,Male,Has relevent experience,no_enrollment,Graduate,STEM,8,,,2,135
city_21,0.624,Male,Has relevent experience,Full time course,Graduate,STEM,4,<10,Pvt Ltd,1,49
city_160,0.92,,Has relevent experience,no_enrollment,Graduate,STEM,15,<10,Early Stage Startup,1,116
city_90,0.698,Male,No relevent experience,Part time course,Masters,STEM,7,,Pvt Ltd,1,24
city_21,0.624,,No relevent experience,Full time course,Masters,STEM,4,,,never,43
city_103,0.92,Male,Has relevent experience,no_enrollment,Masters,Arts,>20,100-500,Pvt Ltd,>4,10
city_114,0.926,Male,No relevent experience,no_enrollment,High School,,6,1000-4999,,1,34
city_21,0.624,Male,Has relevent experience,no_enrollment,Graduate,STEM,>20,,,>4,78
city_103,0.92,Male,Has relevent experience,no_enrollment,Graduate,STEM,14,,,1,70
city_21,0.624,Male,Has relevent experience,no_enrollment,Masters,STEM,10,100-500,Pvt Ltd,4,40
city_160,0.92,Male,Has relevent experience,no_enrollment,Graduate,Business Degree,16,5000-9999,Pvt Ltd,never,194
city_9,0.743,,Has relevent experience,no_enrollment,Masters,STEM,6,100-500,Other,1,52
city_103,0.92,Male,Has relevent experience,no_enrollment,Graduate,STEM,>20,100-500,NGO,1,70
city_116,0.743,Male,Has relevent experience,no_enrollment,Graduate,Humanities,7,,,4,166
city_28,0.939,,Has relevent experience,no_enrollment,Masters,STEM,14,1000-4999,Pvt Ltd,2,12
city_103,0.92,Male,Has relevent experience,no_enrollment,Graduate,STEM,11,100-500,Pvt Ltd,1,4
city_91,0.691,Male,No relevent experience,no_enrollment,High School,,3,,,2,8
city_103,0.92,Male,Has relevent experience,no_enrollment,Graduate,STEM,12,100-500,,>4,45
city_136,0.897,Male,Has relevent experience,no_enrollment,Graduate,STEM,9,50-99,Pvt Ltd,>4,110
city_19,0.682,Female,Has relevent experience,no_enrollment,Graduate,STEM,7,5000-9999,Pvt Ltd,1,23
city_160,0.92,,Has relevent experience,no_enrollment,Graduate,STEM,>20,,,>4,36
city_11,0.55,Male,No relevent experience,Full time course,High School,,5,,,never,153
city_160,0.92,,Has relevent experience,no_enrollment,Graduate,STEM,>20,<10,Pvt Ltd,never,67
city_165,0.903,Male,Has relevent experience,no_enrollment,Graduate,STEM,20,100-500,Pvt Ltd,2,36
city_103,0.92,,Has relevent experience,no_enrollment,Masters,STEM,11,<10,Funded Startup,2,53
city_103,0.92,,Has relevent experience,no_enrollment,Graduate,STEM,12,,Pvt Ltd,1,30
city_136,0.897,Male,Has relevent experience,no_enrollment,Masters,STEM,9,<10,Early Stage Startup,1,12
city_114,0.926,Female,Has relevent experience,no_enrollment,High School,,6,500-999,Pvt Ltd,never,23
city_21,0.624,,Has relevent experience,no_enrollment,Graduate,STEM,8,50-99,Pvt Ltd,1,44
city_103,0.92,,No relevent experience,Part time course,Graduate,STEM,10,10000+,Pvt Ltd,4,9
city_103,0.92,,Has relevent experience,Part time course,Graduate,STEM,6,10000+,Public Sector,2,136
city_54,0.856,Male,Has relevent experience,Full time course,Graduate,STEM,15,<10,Pvt Ltd,3,332
city_103,0.92,Male,No relevent experience,no_enrollment,Masters,STEM,19,<10,Early Stage Startup,2,24
city_21,0.624,Male,Has relevent experience,Full time course,Masters,STEM,4,50-99,Pvt Ltd,1,109
city_16,0.91,,Has relevent experience,no_enrollment,Graduate,STEM,18,50-99,,1,28
city_114,0.926,Male,No relevent experience,Part time course,Graduate,STEM,2,<10,,never,184
city_16,0.91,Male,Has relevent experience,no_enrollment,Masters,STEM,10,10000+,Pvt Ltd,>4,47
city_136,0.897,Male,No relevent experience,Part time course,Graduate,STEM,3,<10,Early Stage Startup,1,7
city_152,0.698,Male,Has relevent experience,no_enrollment,Graduate,STEM,>20,10/49,Pvt Ltd,>4,95
city_103,0.92,Male,Has relevent experience,no_enrollment,Masters,Arts,>20,,,1,13
city_134,0.698,,No relevent experience,Part time course,,,9,,,2,250
city_134,0.698,Male,No relevent experience,no_enrollment,Masters,STEM,5,,,1,46
city_21,0.624,Male,No relevent experience,no_enrollment,Primary School,,<1,,,never,23
city_103,0.92,Male,Has relevent experience,no_enrollment,Graduate,STEM,13,5000-9999,Pvt Ltd,2,89
city_103,0.92,Male,No relevent experience,no_enrollment,,,4,,,2,104
city_103,0.92,,No relevent experience,Full time course,Graduate,STEM,5,100-500,Public Sector,1,81
city_61,0.913,Male,Has relevent experience,no_enrollment,Graduate,STEM,>20,1000-4999,Pvt Ltd,3,23
city_103,0.92,,No relevent experience,no_enrollment,Graduate,STEM,3,,,never,12
city_103,0.92,Male,Has relevent experience,no_enrollment,Graduate,STEM,>20,,,>4,7
city_100,0.887,,No relevent experience,Full time course,Graduate,STEM,4,,,1,20
city_149,0.6890000000000001,Male,Has relevent experience,Part time course,,,2,10/49,Pvt Ltd,2,172
city_103,0.92,Male,Has relevent experience,no_enrollment,Graduate,STEM,>20,1000-4999,Pvt Ltd,>4,32
city_16,0.91,Female,Has relevent experience,no_enrollment,Graduate,STEM,4,10000+,Other,1,47
city_103,0.92,,Has relevent experience,no_enrollment,Graduate,STEM,9,10000+,Pvt Ltd,1,3
city_160,0.92,Male,No relevent experience,no_enrollment,Graduate,STEM,9,500-999,Pvt Ltd,2,24
city_114,0.926,Male,No relevent experience,Part time course,High School,,4,,,never,59
city_83,0.923,,Has relevent experience,no_enrollment,Graduate,STEM,14,500-999,Funded Startup,4,18
city_100,0.887,Male,No relevent experience,Full time course,High School,,9,,,never,29
city_103,0.92,Male,No relevent experience,no_enrollment,Graduate,STEM,>20,,,1,32
city_160,0.92,Female,Has relevent experience,no_enrollment,Graduate,STEM,>20,1000-4999,Pvt Ltd,>4,19
city_103,0.92,Male,Has relevent experience,no_enrollment,Graduate,No Major,14,10/49,Other,>4,188
city_40,0.7759999999999999,Male,No relevent experience,no_enrollment,Graduate,STEM,15,50-99,Pvt Ltd,>4,47
city_16,0.91,,No relevent experience,,Primary School,,7,,,,90
city_103,0.92,,Has relevent experience,no_enrollment,Graduate,STEM,,,,>4,198
city_83,0.923,Male,Has relevent experience,no_enrollment,Graduate,STEM,4,10/49,Pvt Ltd,1,35
city_83,0.923,,Has relevent experience,no_enrollment,Graduate,Arts,11,100-500,,>4,7
city_67,0.855,Male,Has relevent experience,no_enrollment,Graduate,STEM,10,10/49,Funded Startup,1,20
city_45,0.89,Male,Has relevent experience,no_enrollment,High School,,11,,,2,50
city_21,0.624,Male,No relevent experience,no_enrollment,Graduate,STEM,<1,,,1,39
city_89,0.925,Male,Has relevent experience,no_enrollment,Graduate,STEM,9,10000+,Pvt Ltd,4,44
city_16,0.91,,Has relevent experience,Full time course,Graduate,STEM,1,1000-4999,Pvt Ltd,never,42
city_103,0.92,Male,No relevent experience,Full time course,Graduate,STEM,3,,,never,11
city_103,0.92,Male,Has relevent experience,no_enrollment,Graduate,STEM,10,50-99,Pvt Ltd,1,60
city_23,0.899,Male,No relevent experience,Full time course,High School,,<1,,,never,37
city_136,0.897,Female,Has relevent experience,no_enrollment,Masters,STEM,10,10/49,Pvt Ltd,4,180
city_71,0.884,,Has relevent experience,no_enrollment,Masters,STEM,9,100-500,Pvt Ltd,never,180
city_71,0.884,Male,Has relevent experience,no_enrollment,Graduate,STEM,>20,50-99,Pvt Ltd,2,86
city_74,0.579,,Has relevent experience,no_enrollment,Graduate,STEM,9,,,1,2
city_103,0.92,Male,Has relevent experience,no_enrollment,Graduate,STEM,14,10000+,Pvt Ltd,1,153
city_16,0.91,,Has relevent experience,no_enrollment,Graduate,STEM,>20,,,1,57
city_103,0.92,Male,Has relevent experience,no_enrollment,Graduate,STEM,>20,10000+,Pvt Ltd,>4,41
city_100,0.887,,No relevent experience,no_enrollment,Phd,STEM,>20,,,3,62
city_159,0.843,Male,Has relevent experience,no_enrollment,Graduate,STEM,11,,,1,198
city_21,0.624,Male,Has relevent experience,no_enrollment,Graduate,STEM,5,100-500,Public Sector,2,30
city_123,0.738,Male,Has relevent experience,no_enrollment,Graduate,STEM,8,5000-9999,Pvt Ltd,1,17
city_67,0.855,Male,Has relevent experience,no_enrollment,Masters,STEM,12,50-99,,1,110
city_103,0.92,Male,Has relevent experience,no_enrollment,Graduate,Humanities,10,,,>4,43
city_45,0.89,Female,No relevent experience,Part time course,Graduate,STEM,3,,,1,72
city_16,0.91,Male,Has relevent experience,no_enrollment,,,>20,,,2,300
city_36,0.893,,Has relevent experience,no_enrollment,Graduate,STEM,14,100-500,Early Stage Startup,1,15
city_159,0.843,,No relevent experience,Full time course,Graduate,STEM,4,,Pvt Ltd,never,27
city_72,0.795,Male,Has relevent experience,no_enrollment,High School,,5,1000-4999,Pvt Ltd,1,49
city_67,0.855,Male,Has relevent experience,no_enrollment,Graduate,STEM,16,,,1,32
city_114,0.926,,No relevent experience,,High School,,3,100-500,Public Sector,2,65
city_149,0.6890000000000001,,Has relevent experience,Full time course,Graduate,STEM,1,,,1,18
city_103,0.92,Male,Has relevent experience,no_enrollment,Graduate,STEM,>20,10000+,Pvt Ltd,>4,53
city_103,0.92,,Has relevent experience,no_enrollment,Graduate,Humanities,2,100-500,Funded Startup,2,5
city_98,0.949,Male,No relevent experience,Part time course,Graduate,STEM,5,100-500,Pvt Ltd,2,76
city_16,0.91,Male,Has relevent experience,no_enrollment,Masters,STEM,4,50-99,Pvt Ltd,1,113
city_160,0.92,Male,Has relevent experience,no_enrollment,Graduate,STEM,9,50-99,Funded Startup,2,154
city_103,0.92,Male,Has relevent experience,no_enrollment,Masters,STEM,>20,,,2,66
city_19,0.682,Male,No relevent experience,Full time course,High School,,5,,,never,29
city_61,0.913,Male,Has relevent experience,no_enrollment,Phd,STEM,15,10/49,Funded Startup,>4,76
city_23,0.899,,Has relevent experience,Part time course,High School,,10,10000+,Public Sector,>4,66
city_103,0.92,,No relevent experience,no_enrollment,,,2,,,never,42
city_21,0.624,Male,Has relevent experience,no_enrollment,Graduate,STEM,<1,500-999,Pvt Ltd,,39
city_103,0.92,Male,No relevent experience,no_enrollment,Primary School,,4,,,never,17
city_103,0.92,Male,Has relevent experience,no_enrollment,Graduate,Business Degree,>20,10000+,Pvt Ltd,never,109
city_114,0.926,Male,Has relevent experience,no_enrollment,Masters,STEM,16,10000+,Pvt Ltd,1,10
city_1,0.847,Male,No relevent experience,Full time course,Graduate,No Major,9,,,never,11
city_115,0.789,Female,No relevent experience,Full time course,Phd,STEM,19,,NGO,>4,7
city_99,0.915,Male,Has relevent experience,no_enrollment,Graduate,STEM,9,100-500,Pvt Ltd,>4,112
city_99,0.915,Male,Has relevent experience,no_enrollment,Graduate,STEM,6,50-99,Pvt Ltd,1,104
city_114,0.926,Female,Has relevent experience,Part time course,High School,,1,100-500,Pvt Ltd,1,35
city_103,0.92,Male,Has relevent experience,no_enrollment,Masters,STEM,17,50-99,Pvt Ltd,1,14
city_102,0.804,,No relevent experience,no_enrollment,Graduate,STEM,7,,,never,33
city_160,0.92,Male,Has relevent experience,no_enrollment,Graduate,STEM,8,50-99,Funded Startup,1,30
city_103,0.92,Male,Has relevent experience,no_enrollment,Graduate,STEM,6,10000+,Pvt Ltd,>4,46
city_16,0.91,Male,No relevent experience,no_enrollment,Graduate,STEM,19,1000-4999,Pvt Ltd,1,56
city_36,0.893,Female,No relevent experience,Full time course,High School,,2,100-500,Public Sector,1,32
city_103,0.92,Male,Has relevent experience,no_enrollment,Graduate,STEM,>20,,Public Sector,>4,32
city_16,0.91,,No relevent experience,no_enrollment,Masters,Business Degree,2,,,2,312
city_103,0.92,Male,No relevent experience,no_enrollment,Graduate,Humanities,>20,,Public Sector,>4,43
city_19,0.682,,No relevent experience,Full time course,Graduate,STEM,3,,,never,12
city_142,0.727,,Has relevent experience,no_enrollment,Graduate,STEM,20,,,>4,37
city_21,0.624,,Has relevent experience,Full time course,Graduate,STEM,6,10000+,Pvt Ltd,1,74
city_103,0.92,Male,Has relevent experience,no_enrollment,Graduate,STEM,18,100-500,Funded Startup,1,13
city_103,0.92,Female,Has relevent experience,no_enrollment,Graduate,STEM,12,1000-4999,Pvt Ltd,2,100
city_103,0.92,Male,Has relevent experience,no_enrollment,Graduate,Arts,10,100-500,Pvt Ltd,3,50
city_103,0.92,Male,Has relevent experience,no_enrollment,Graduate,STEM,13,500-999,Pvt Ltd,4,64
city_136,0.897,Male,Has relevent experience,no_enrollment,Masters,STEM,10,100-500,Pvt Ltd,1,5
city_100,0.887,Male,Has relevent experience,no_enrollment,High School,,>20,,,1,83
city_103,0.92,Male,Has relevent experience,no_enrollment,Graduate,STEM,16,500-999,NGO,2,48
city_136,0.897,Male,Has relevent experience,no_enrollment,Masters,STEM,12,<10,Early Stage Startup,1,94
city_103,0.92,Male,Has relevent experience,no_enrollment,Graduate,STEM,>20,1000-4999,,2,60
city_103,0.92,Male,No relevent experience,no_enrollment,Graduate,Humanities,>20,50-99,NGO,1,67
city_114,0.926,Male,No relevent experience,no_enrollment,Masters,STEM,>20,<10,Pvt Ltd,>4,214
city_21,0.624,Male,Has relevent experience,no_enrollment,Graduate,STEM,5,100-500,Funded Startup,1,103
city_16,0.91,Male,Has relevent experience,no_enrollment,Graduate,STEM,10,50-99,Funded Startup,2,288
city_101,0.5579999999999999,,No relevent experience,no_enrollment,High School,,6,,,never,31
city_103,0.92,Male,Has relevent experience,no_enrollment,Masters,STEM,20,1000-4999,Pvt Ltd,1,212
city_50,0.8959999999999999,Male,Has relevent experience,no_enrollment,Masters,Business Degree,>20,10/49,Pvt Ltd,>4,168
city_16,0.91,Male,Has relevent experience,no_enrollment,Graduate,STEM,17,<10,Pvt Ltd,>4,128
city_128,0.527,Male,No relevent experience,Part time course,Graduate,STEM,10,100-500,Funded Startup,1,57
city_65,0.802,Male,No relevent experience,,High School,,3,,Pvt Ltd,never,102
city_103,0.92,Male,Has relevent experience,no_enrollment,Graduate,STEM,9,,,4,51
city_98,0.949,Male,Has relevent experience,no_enrollment,Graduate,STEM,11,10000+,Pvt Ltd,1,45
city_21,0.624,Male,Has relevent experience,no_enrollment,Graduate,STEM,10,50-99,Funded Startup,1,316
city_128,0.527,Male,Has relevent experience,Full time course,Masters,STEM,8,5000-9999,Public Sector,never,176
city_21,0.624,Male,Has relevent experience,no_enrollment,Masters,STEM,4,10/49,,1,105
city_16,0.91,Male,Has relevent experience,no_enrollment,High School,,18,,,2,17
city_21,0.624,Male,No relevent experience,Full time course,Graduate,STEM,2,,,never,100
city_28,0.939,Male,Has relevent experience,no_enrollment,Masters,STEM,>20,5000-9999,Pvt Ltd,4,4
city_103,0.92,Male,No relevent experience,Full time course,High School,,5,10/49,NGO,1,42
city_16,0.91,Female,No relevent experience,no_enrollment,Graduate,No Major,14,50-99,Pvt Ltd,3,56
city_16,0.91,,No relevent experience,no_enrollment,Graduate,STEM,1,10000+,Pvt Ltd,1,28
city_21,0.624,,Has relevent experience,no_enrollment,Masters,STEM,8,100-500,Pvt Ltd,1,104
city_103,0.92,Male,No relevent experience,no_enrollment,High School,,3,,,never,48
city_103,0.92,Male,Has relevent experience,no_enrollment,Masters,STEM,>20,,,>4,102
city_114,0.926,Male,Has relevent experience,no_enrollment,Graduate,Humanities,19,50-99,Pvt Ltd,>4,13
city_16,0.91,Male,Has relevent experience,no_enrollment,Masters,STEM,6,,,1,41
city_138,0.836,Male,Has relevent experience,no_enrollment,Graduate,STEM,9,100-500,Pvt Ltd,2,82
city_104,0.924,,Has relevent experience,no_enrollment,Graduate,Arts,10,10/49,Pvt Ltd,1,43
city_103,0.92,Male,Has relevent experience,no_enrollment,Graduate,STEM,4,100-500,Pvt Ltd,1,48
city_103,0.92,Male,No relevent experience,Full time course,Graduate,STEM,4,500-999,Pvt Ltd,1,82
city_103,0.92,Male,Has relevent experience,no_enrollment,Graduate,STEM,>20,1000-4999,Pvt Ltd,1,42
city_114,0.926,Male,Has relevent experience,no_enrollment,Graduate,STEM,16,50-99,Pvt Ltd,1,110
city_136,0.897,Male,Has relevent experience,Part time course,Masters,STEM,7,<10,Pvt Ltd,1,232
city_54,0.856,Male,Has relevent experience,no_enrollment,Graduate,STEM,>20,10/49,Funded Startup,4,73
city_83,0.923,Male,Has relevent experience,no_enrollment,Masters,Humanities,3,10000+,Pvt Ltd,1,20
city_136,0.897,Male,No relevent experience,Part time course,Graduate,STEM,7,1000-4999,Public Sector,2,53
city_21,0.624,,Has relevent experience,no_enrollment,Graduate,STEM,<1,<10,Other,1,58
city_104,0.924,Male,No relevent experience,no_enrollment,Masters,STEM,11,100-500,,1,8
city_160,0.92,Female,Has relevent experience,no_enrollment,Graduate,STEM,3,,,3,33
city_159,0.843,Male,Has relevent experience,no_enrollment,Graduate,STEM,12,50-99,Pvt Ltd,>4,35
city_16,0.91,Female,Has relevent experience,no_enrollment,Masters,STEM,5,100-500,Funded Startup,1,26
city_149,0.6890000000000001,Female,No relevent experience,no_enrollment,Graduate,STEM,3,100-500,Public Sector,1,72
city_128,0.527,,No relevent experience,Full time course,High School,,1,,,never,80
city_103,0.92,Female,Has relevent experience,no_enrollment,Graduate,Other,<1,,,>4,86
city_103,0.92,Male,Has relevent experience,no_enrollment,Masters,STEM,13,<10,Pvt Ltd,2,20
city_138,0.836,Female,Has relevent experience,no_enrollment,Masters,STEM,6,50-99,Pvt Ltd,1,122
city_114,0.926,Male,Has relevent experience,Full time course,Graduate,STEM,19,10/49,Funded Startup,1,12
city_21,0.624,,Has relevent experience,no_enrollment,Graduate,STEM,7,500-999,Pvt Ltd,1,108
city_67,0.855,Male,Has relevent experience,no_enrollment,Graduate,STEM,11,50-99,Pvt Ltd,1,150
city_21,0.624,,No relevent experience,no_enrollment,High School,,6,,,>4,17
city_102,0.804,,Has relevent experience,no_enrollment,Masters,STEM,14,100-500,Pvt Ltd,1,78
city_103,0.92,Male,Has relevent experience,no_enrollment,Graduate,STEM,3,100-500,Pvt Ltd,1,98
city_103,0.92,Male,Has relevent experience,no_enrollment,Graduate,STEM,10,100-500,Pvt Ltd,>4,20
city_102,0.804,Male,Has relevent experience,no_enrollment,Graduate,STEM,15,1000-4999,Pvt Ltd,1,51
city_83,0.923,Male,Has relevent experience,Full time course,Graduate,STEM,4,10000+,Pvt Ltd,1,28
city_103,0.92,Male,Has relevent experience,no_enrollment,Graduate,STEM,7,,,1,184
city_23,0.899,,No relevent experience,no_enrollment,Graduate,STEM,>20,1000-4999,Public Sector,1,34
city_21,0.624,,No relevent experience,Full time course,High School,,4,,,never,28
city_160,0.92,Male,Has relevent experience,no_enrollment,Graduate,STEM,9,50-99,Funded Startup,1,20
city_160,0.92,Male,Has relevent experience,no_enrollment,Graduate,STEM,>20,100-500,Pvt Ltd,>4,9
city_128,0.527,Male,Has relevent experience,no_enrollment,Graduate,STEM,10,50-99,Public Sector,2,38
city_21,0.624,Male,Has relevent experience,no_enrollment,Graduate,STEM,7,<10,Early Stage Startup,1,111
city_136,0.897,Male,No relevent experience,Part time course,Graduate,STEM,8,10000+,Pvt Ltd,2,6
city_114,0.926,Male,Has relevent experience,no_enrollment,Graduate,STEM,12,<10,Pvt Ltd,1,22
city_103,0.92,Male,Has relevent experience,no_enrollment,Graduate,STEM,6,1000-4999,Public Sector,1,18
city_27,0.848,Male,No relevent experience,no_enrollment,High School,,4,,,never,16
city_103,0.92,Male,Has relevent experience,no_enrollment,Graduate,Arts,4,,,never,98
city_103,0.92,Male,Has relevent experience,no_enrollment,Graduate,STEM,10,50-99,Pvt Ltd,2,36
city_65,0.802,,No relevent experience,no_enrollment,Graduate,Arts,>20,,,3,50
city_103,0.92,Female,Has relevent experience,no_enrollment,Graduate,STEM,>20,1000-4999,Pvt Ltd,>4,110
city_67,0.855,,Has relevent experience,no_enrollment,Masters,STEM,15,500-999,Pvt Ltd,2,30
city_160,0.92,Female,Has relevent experience,no_enrollment,Graduate,STEM,13,100-500,Funded Startup,1,66
city_73,0.754,Male,Has relevent experience,no_enrollment,Graduate,STEM,13,50-99,Pvt Ltd,4,151
city_21,0.624,Male,Has relevent experience,no_enrollment,Graduate,STEM,5,50-99,Pvt Ltd,never,100
city_103,0.92,,Has relevent experience,Full time course,Masters,STEM,7,,,1,38
city_123,0.738,,Has relevent experience,Full time course,Graduate,STEM,2,100-500,Pvt Ltd,1,5
city_103,0.92,Male,Has relevent experience,Full time course,Graduate,STEM,2,100-500,,2,54
city_21,0.624,Male,Has relevent experience,no_enrollment,Graduate,STEM,2,50-99,Pvt Ltd,2,21
city_149,0.6890000000000001,,No relevent experience,no_enrollment,High School,,8,1000-4999,Pvt Ltd,1,102
city_103,0.92,Male,Has relevent experience,no_enrollment,Graduate,STEM,3,100-500,Funded Startup,1,82
city_101,0.5579999999999999,Male,Has relevent experience,no_enrollment,Graduate,STEM,3,<10,Early Stage Startup,never,61
city_102,0.804,Male,Has relevent experience,no_enrollment,Masters,STEM,13,50-99,Funded Startup,1,330
city_21,0.624,Male,No relevent experience,no_enrollment,Masters,STEM,2,100-500,Pvt Ltd,2,214
city_16,0.91,Male,Has relevent experience,no_enrollment,Graduate,STEM,14,<10,Early Stage Startup,1,35
city_144,0.84,Male,Has relevent experience,no_enrollment,Masters,STEM,7,10/49,Funded Startup,1,100
city_103,0.92,Male,No relevent experience,,Graduate,STEM,13,10/49,Pvt Ltd,>4,39
city_136,0.897,Male,Has relevent experience,no_enrollment,Masters,STEM,8,100-500,Pvt Ltd,4,33
city_102,0.804,Male,Has relevent experience,no_enrollment,Masters,STEM,16,,,1,254
city_114,0.926,,No relevent experience,Part time course,Masters,STEM,4,50-99,Public Sector,2,12
city_114,0.926,Male,Has relevent experience,no_enrollment,Graduate,STEM,19,100-500,Pvt Ltd,2,16
city_100,0.887,,Has relevent experience,no_enrollment,Graduate,STEM,9,5000-9999,,1,102
city_76,0.698,Male,Has relevent experience,no_enrollment,Graduate,STEM,17,<10,Pvt Ltd,4,31
city_114,0.926,,No relevent experience,no_enrollment,Masters,STEM,14,1000-4999,Pvt Ltd,2,23
city_16,0.91,Male,Has relevent experience,Full time course,High School,,4,,,1,144
city_103,0.92,Male,Has relevent experience,no_enrollment,Graduate,STEM,>20,1000-4999,Public Sector,>4,77
city_114,0.926,,Has relevent experience,no_enrollment,Phd,STEM,18,1000-4999,Pvt Ltd,4,122
city_114,0.926,,Has relevent experience,no_enrollment,Graduate,STEM,4,50-99,Pvt Ltd,1,86
city_114,0.926,Male,No relevent experience,no_enrollment,Masters,STEM,16,1000-4999,Pvt Ltd,4,72
city_136,0.897,Male,No relevent experience,Part time course,Graduate,STEM,3,,,1,23
city_67,0.855,,Has relevent experience,no_enrollment,Graduate,STEM,5,,,1,54
city_53,0.74,Male,Has relevent experience,no_enrollment,Graduate,STEM,10,10/49,Pvt Ltd,1,9
city_90,0.698,Male,No relevent experience,Full time course,Graduate,STEM,3,,,1,45
city_103,0.92,Male,No relevent experience,Part time course,Graduate,STEM,7,500-999,NGO,2,10
city_100,0.887,Male,Has relevent experience,no_enrollment,Phd,STEM,6,10/49,Pvt Ltd,4,68
city_65,0.802,Male,Has relevent experience,no_enrollment,Graduate,STEM,2,1000-4999,,1,168
city_136,0.897,Male,Has relevent experience,no_enrollment,Masters,STEM,6,,,2,23
city_103,0.92,Male,No relevent experience,Part time course,Graduate,STEM,2,10/49,Pvt Ltd,1,52
city_114,0.926,Male,Has relevent experience,no_enrollment,Masters,Business Degree,>20,,,4,11
city_103,0.92,Female,Has relevent experience,no_enrollment,Graduate,Other,2,50-99,Pvt Ltd,1,8
city_21,0.624,Male,No relevent experience,no_enrollment,Masters,STEM,2,<10,Early Stage Startup,1,95
city_103,0.92,Male,Has relevent experience,no_enrollment,Graduate,No Major,15,,,>4,174
city_16,0.91,Male,No relevent experience,,,,2,,,never,78
city_103,0.92,Male,Has relevent experience,no_enrollment,Graduate,STEM,11,10/49,Early Stage Startup,1,15
city_98,0.949,Male,Has relevent experience,no_enrollment,High School,,>20,500-999,Pvt Ltd,>4,33
city_16,0.91,Male,Has relevent experience,no_enrollment,Masters,STEM,14,<10,Funded Startup,1,42
city_103,0.92,Male,Has relevent experience,no_enrollment,Graduate,STEM,15,500-999,Pvt Ltd,4,20
city_165,0.903,Male,Has relevent experience,no_enrollment,Masters,STEM,>20,50-99,Funded Startup,>4,12
city_21,0.624,Male,Has relevent experience,no_enrollment,Graduate,STEM,4,10000+,Pvt Ltd,1,298
city_103,0.92,Male,Has relevent experience,no_enrollment,Graduate,STEM,9,100-500,Pvt Ltd,1,9
city_103,0.92,Male,Has relevent experience,no_enrollment,Graduate,Business Degree,>20,500-999,Funded Startup,>4,22
city_111,0.698,Male,No relevent experience,Full time course,Graduate,STEM,4,,,1,9
city_160,0.92,Male,Has relevent experience,no_enrollment,Graduate,STEM,15,100-500,Pvt Ltd,3,3
city_16,0.91,Male,Has relevent experience,no_enrollment,Graduate,STEM,>20,50-99,Pvt Ltd,>4,105
city_24,0.698,Male,Has relevent experience,no_enrollment,Masters,STEM,12,500-999,,1,11
city_103,0.92,Male,Has relevent experience,no_enrollment,Graduate,No Major,18,10000+,Pvt Ltd,>4,45
city_160,0.92,,Has relevent experience,no_enrollment,Graduate,STEM,16,50-99,Pvt Ltd,1,61
city_103,0.92,Male,Has relevent experience,Part time course,Masters,Humanities,10,10000+,Public Sector,1,32
city_46,0.762,Male,Has relevent experience,no_enrollment,Graduate,STEM,19,,,1,64
city_21,0.624,,Has relevent experience,no_enrollment,Graduate,STEM,3,10/49,Pvt Ltd,1,156
city_91,0.691,,Has relevent experience,Full time course,Graduate,STEM,3,10/49,Pvt Ltd,1,91
city_13,0.8270000000000001,,Has relevent experience,no_enrollment,Masters,STEM,10,10/49,Pvt Ltd,>4,108
city_123,0.738,Male,No relevent experience,Full time course,Graduate,Other,5,100-500,Pvt Ltd,1,8
city_71,0.884,Male,Has relevent experience,no_enrollment,Masters,STEM,13,1000-4999,Pvt Ltd,>4,36
city_21,0.624,Male,No relevent experience,no_enrollment,High School,,2,,,never,102
city_21,0.624,Male,No relevent experience,no_enrollment,Masters,STEM,2,500-999,Public Sector,1,75
city_23,0.899,Female,Has relevent experience,no_enrollment,Graduate,STEM,15,1000-4999,Pvt Ltd,never,12
city_67,0.855,Male,No relevent experience,Part time course,Graduate,STEM,5,,,1,39
city_103,0.92,Female,Has relevent experience,no_enrollment,Masters,STEM,18,10000+,Pvt Ltd,4,3
city_28,0.939,Male,Has relevent experience,no_enrollment,Masters,STEM,>20,,,never,50
city_103,0.92,Other,No relevent experience,Part time course,Graduate,STEM,2,<10,Other,2,45
city_103,0.92,Male,Has relevent experience,no_enrollment,Graduate,STEM,>20,10000+,Pvt Ltd,4,94
city_114,0.926,Male,Has relevent experience,no_enrollment,Graduate,STEM,10,1000-4999,Pvt Ltd,1,192
city_114,0.926,Male,Has relevent experience,no_enrollment,Phd,STEM,>20,10000+,Pvt Ltd,>4,58
city_114,0.926,Male,Has relevent experience,no_enrollment,Phd,STEM,>20,10000+,Pvt Ltd,2,96
city_102,0.804,,Has relevent experience,no_enrollment,Masters,STEM,16,100-500,Pvt Ltd,4,161
city_103,0.92,Male,Has relevent experience,Part time course,Graduate,STEM,10,10000+,Pvt Ltd,1,55
city_100,0.887,Male,Has relevent experience,no_enrollment,Masters,STEM,10,1000-4999,Pvt Ltd,never,53
city_114,0.926,Other,Has relevent experience,no_enrollment,,,>20,,,never,154
city_103,0.92,Male,Has relevent experience,no_enrollment,Graduate,Humanities,17,50-99,Funded Startup,2,8
city_114,0.926,Male,Has relevent experience,no_enrollment,Masters,STEM,>20,50-99,Pvt Ltd,>4,242
city_103,0.92,Male,No relevent experience,no_enrollment,Graduate,STEM,>20,,,1,72
city_37,0.794,Female,Has relevent experience,no_enrollment,Graduate,STEM,9,50-99,Public Sector,1,13
city_19,0.682,,No relevent experience,no_enrollment,Graduate,STEM,5,100-500,Pvt Ltd,1,336
city_114,0.926,Male,No relevent experience,no_enrollment,Graduate,Business Degree,11,,,1,17
city_136,0.897,Male,No relevent experience,Full time course,Graduate,STEM,5,,,1,129
city_103,0.92,Male,No relevent experience,no_enrollment,Graduate,STEM,>20,50-99,Pvt Ltd,>4,2
city_103,0.92,Male,Has relevent experience,no_enrollment,Graduate,STEM,8,5000-9999,Pvt Ltd,1,22
city_114,0.926,Male,Has relevent experience,no_enrollment,Masters,STEM,11,50-99,Pvt Ltd,3,41
city_16,0.91,Male,Has relevent experience,no_enrollment,Masters,STEM,7,100-500,Pvt Ltd,1,46
city_102,0.804,Male,Has relevent experience,Full time course,Graduate,STEM,7,10000+,Public Sector,1,92
city_103,0.92,Male,Has relevent experience,no_enrollment,Graduate,Humanities,5,50-99,Pvt Ltd,>4,135
city_61,0.913,Male,Has relevent experience,no_enrollment,Graduate,STEM,15,10/49,Pvt Ltd,1,15
city_21,0.624,Male,No relevent experience,no_enrollment,Graduate,STEM,4,100-500,Pvt Ltd,3,164
city_173,0.878,Male,Has relevent experience,no_enrollment,Graduate,STEM,16,100-500,Pvt Ltd,2,6
city_75,0.939,Male,No relevent experience,no_enrollment,Graduate,STEM,>20,5000-9999,Pvt Ltd,1,30
city_103,0.92,Male,No relevent experience,Full time course,Masters,STEM,4,50-99,Pvt Ltd,1,7
city_114,0.926,Male,Has relevent experience,no_enrollment,High School,,6,100-500,Pvt Ltd,>4,52
city_165,0.903,,Has relevent experience,Full time course,Graduate,STEM,11,100-500,Pvt Ltd,>4,158
city_160,0.92,,No relevent experience,Full time course,Graduate,STEM,4,,,1,28
city_76,0.698,Male,Has relevent experience,Full time course,Graduate,STEM,7,100-500,Pvt Ltd,1,27
city_138,0.836,Male,Has relevent experience,no_enrollment,Graduate,STEM,10,,Pvt Ltd,1,156
city_138,0.836,Male,No relevent experience,Full time course,High School,,5,100-500,Pvt Ltd,1,45
city_136,0.897,Male,Has relevent experience,no_enrollment,Graduate,STEM,8,500-999,Funded Startup,2,50
city_21,0.624,Male,Has relevent experience,no_enrollment,Graduate,STEM,10,50-99,Pvt Ltd,2,124
city_103,0.92,Male,Has relevent experience,no_enrollment,Graduate,Other,>20,50-99,Pvt Ltd,>4,13
city_75,0.939,Male,Has relevent experience,no_enrollment,Graduate,STEM,4,100-500,,1,36
city_71,0.884,Male,No relevent experience,Part time course,Masters,No Major,3,,,1,15
city_103,0.92,Male,Has relevent experience,no_enrollment,Masters,STEM,>20,10000+,Pvt Ltd,>4,10
city_40,0.7759999999999999,Male,Has relevent experience,no_enrollment,Masters,STEM,7,10000+,Pvt Ltd,1,56
city_114,0.926,Male,No relevent experience,Full time course,Graduate,STEM,5,10/49,Public Sector,1,61
city_61,0.913,,Has relevent experience,no_enrollment,Graduate,Humanities,<1,<10,NGO,1,18
city_103,0.92,Female,Has relevent experience,no_enrollment,Graduate,STEM,5,<10,Funded Startup,2,103
city_103,0.92,Male,Has relevent experience,no_enrollment,Graduate,STEM,>20,<10,Funded Startup,1,27
city_16,0.91,Male,Has relevent experience,no_enrollment,Phd,STEM,>20,100-500,Pvt Ltd,2,27
city_103,0.92,,Has relevent experience,no_enrollment,Masters,STEM,11,50-99,Public Sector,1,314
city_10,0.895,Male,Has relevent experience,no_enrollment,Phd,STEM,>20,50-99,Pvt Ltd,>4,50
city_136,0.897,Male,Has relevent experience,no_enrollment,Graduate,STEM,5,50-99,,1,9
city_27,0.848,Male,Has relevent experience,Full time course,High School,,4,50-99,Early Stage Startup,2,78
city_103,0.92,Male,Has relevent experience,no_enrollment,Graduate,STEM,17,50-99,Funded Startup,1,32
city_160,0.92,Male,Has relevent experience,no_enrollment,Graduate,STEM,>20,50-99,Pvt Ltd,2,108
city_16,0.91,Male,Has relevent experience,no_enrollment,High School,,>20,100-500,Pvt Ltd,>4,38
city_136,0.897,,Has relevent experience,no_enrollment,Masters,STEM,4,1000-4999,Pvt Ltd,1,6
city_114,0.926,Male,Has relevent experience,no_enrollment,Masters,STEM,20,1000-4999,Pvt Ltd,>4,54
city_36,0.893,Male,Has relevent experience,no_enrollment,Graduate,STEM,7,500-999,Pvt Ltd,1,19
city_103,0.92,Male,Has relevent experience,Part time course,Graduate,STEM,3,10000+,Pvt Ltd,2,11
city_16,0.91,,Has relevent experience,no_enrollment,Graduate,STEM,14,500-999,Pvt Ltd,>4,82
city_79,0.698,,No relevent experience,Part time course,Graduate,STEM,4,,,,46
city_114,0.926,Male,Has relevent experience,no_enrollment,High School,,14,<10,Pvt Ltd,2,77
city_16,0.91,Male,No relevent experience,Full time course,Primary School,,9,,,never,29
city_157,0.769,,No relevent experience,no_enrollment,High School,,1,,,,29
city_90,0.698,,No relevent experience,Part time course,High School,,2,50-99,Pvt Ltd,1,16
city_103,0.92,Male,Has relevent experience,no_enrollment,Graduate,STEM,>20,1000-4999,Pvt Ltd,>4,6
city_103,0.92,Male,Has relevent experience,no_enrollment,Graduate,STEM,19,1000-4999,Pvt Ltd,1,72
city_93,0.865,Male,No relevent experience,no_enrollment,Primary School,,5,50-99,,never,40
city_19,0.682,Male,Has relevent experience,no_enrollment,Graduate,STEM,10,10/49,Funded Startup,1,24
city_103,0.92,Male,No relevent experience,Full time course,Graduate,STEM,5,,,1,16
city_115,0.789,Male,Has relevent experience,no_enrollment,Graduate,STEM,4,10000+,Pvt Ltd,2,36
city_48,0.493,Male,Has relevent experience,no_enrollment,Graduate,STEM,4,,,1,50
city_103,0.92,Female,No relevent experience,no_enrollment,Masters,Humanities,3,,,2,21
city_16,0.91,Male,Has relevent experience,no_enrollment,Masters,STEM,11,50-99,Pvt Ltd,4,68
city_103,0.92,Male,Has relevent experience,no_enrollment,Masters,Humanities,4,1000-4999,Pvt Ltd,1,102
city_67,0.855,,Has relevent experience,no_enrollment,Masters,Other,5,1000-4999,Pvt Ltd,3,23
city_99,0.915,,Has relevent experience,no_enrollment,Graduate,STEM,4,<10,Early Stage Startup,1,69
city_114,0.926,Male,Has relevent experience,no_enrollment,Graduate,STEM,5,100-500,Pvt Ltd,3,15
city_114,0.926,Male,No relevent experience,Full time course,Graduate,STEM,>20,1000-4999,Pvt Ltd,1,114
city_103,0.92,Male,Has relevent experience,Full time course,Graduate,STEM,13,,,1,74
city_71,0.884,,Has relevent experience,Part time course,Graduate,STEM,15,100-500,Pvt Ltd,>4,64
city_21,0.624,,No relevent experience,Full time course,High School,,4,,,never,48
city_16,0.91,Male,Has relevent experience,,Masters,STEM,6,50-99,Funded Startup,1,72
city_103,0.92,,No relevent experience,Part time course,Graduate,STEM,2,100-500,Pvt Ltd,1,202
city_103,0.92,,Has relevent experience,no_enrollment,Graduate,STEM,18,10000+,Pvt Ltd,1,2
city_114,0.926,Female,Has relevent experience,no_enrollment,Graduate,STEM,15,100-500,Pvt Ltd,2,5
city_103,0.92,Male,Has relevent experience,no_enrollment,Masters,STEM,>20,,,>4,210
city_90,0.698,Male,Has relevent experience,Part time course,Graduate,STEM,10,10/49,NGO,1,64
city_103,0.92,Female,Has relevent experience,no_enrollment,Graduate,Humanities,8,50-99,Pvt Ltd,2,81
city_45,0.89,Male,Has relevent experience,no_enrollment,Graduate,STEM,8,50-99,Pvt Ltd,never,36
city_21,0.624,,Has relevent experience,no_enrollment,Graduate,STEM,12,10/49,Pvt Ltd,>4,110
city_136,0.897,Male,Has relevent experience,Part time course,Graduate,STEM,10,<10,Pvt Ltd,1,48
city_98,0.949,Male,No relevent experience,Full time course,Graduate,STEM,6,,,1,13
city_61,0.913,Male,No relevent experience,Full time course,High School,,12,,,>4,83
city_136,0.897,Male,Has relevent experience,no_enrollment,Masters,STEM,8,50-99,Funded Startup,3,29
city_13,0.8270000000000001,Male,Has relevent experience,no_enrollment,High School,,>20,,,4,44
city_21,0.624,,No relevent experience,no_enrollment,,,1,,,,26
city_162,0.767,Male,Has relevent experience,Part time course,Graduate,STEM,5,,Pvt Ltd,1,43
city_73,0.754,,Has relevent experience,Part time course,High School,,6,50-99,Pvt Ltd,1,77
city_21,0.624,,Has relevent experience,Full time course,Graduate,STEM,7,10000+,Pvt Ltd,never,43
city_103,0.92,,No relevent experience,Full time course,Graduate,Arts,3,,,,41
city_114,0.926,Male,Has relevent experience,no_enrollment,Graduate,STEM,15,1000-4999,Pvt Ltd,2,43
city_116,0.743,Male,Has relevent experience,no_enrollment,Masters,STEM,>20,100-500,,>4,11
city_100,0.887,Male,No relevent experience,no_enrollment,Graduate,STEM,3,,,1,102
city_21,0.624,Male,Has relevent experience,no_enrollment,Graduate,STEM,10,<10,Pvt Ltd,1,41
city_114,0.926,,Has relevent experience,Full time course,High School,,5,100-500,Pvt Ltd,never,278
city_103,0.92,Male,Has relevent experience,no_enrollment,Graduate,STEM,>20,50-99,Other,>4,44
city_103,0.92,Male,Has relevent experience,no_enrollment,Graduate,STEM,>20,1000-4999,Pvt Ltd,4,6
city_75,0.939,Female,Has relevent experience,no_enrollment,Masters,STEM,15,1000-4999,Pvt Ltd,3,84
city_23,0.899,Male,Has relevent experience,Part time course,Graduate,STEM,8,10/49,Early Stage Startup,1,19
city_14,0.698,Male,Has relevent experience,no_enrollment,Graduate,STEM,2,100-500,Pvt Ltd,1,10
city_26,0.698,Male,Has relevent experience,Part time course,Graduate,STEM,5,50-99,Pvt Ltd,1,24
city_114,0.926,,Has relevent experience,no_enrollment,Masters,STEM,16,100-500,Pvt Ltd,>4,42
city_103,0.92,Male,Has relevent experience,no_enrollment,Masters,STEM,>20,50-99,Funded Startup,1,18
city_103,0.92,Male,Has relevent experience,no_enrollment,Graduate,STEM,5,10/49,Pvt Ltd,>4,94
city_103,0.92,,Has relevent experience,Part time course,Graduate,STEM,>20,,,1,10
city_71,0.884,,Has relevent experience,no_enrollment,Graduate,STEM,4,50-99,Funded Startup,1,5
city_27,0.848,Male,Has relevent experience,no_enrollment,Graduate,STEM,4,1000-4999,Pvt Ltd,1,57
city_103,0.92,Male,Has relevent experience,no_enrollment,Graduate,STEM,>20,100-500,Pvt Ltd,4,35
city_114,0.926,Male,Has relevent experience,Full time course,Masters,STEM,16,5000-9999,Public Sector,2,8
city_21,0.624,,No relevent experience,Full time course,Graduate,STEM,<1,,,1,13
city_21,0.624,Male,Has relevent experience,no_enrollment,Graduate,STEM,2,50-99,Early Stage Startup,1,9
city_99,0.915,,Has relevent experience,no_enrollment,Graduate,STEM,6,,,1,53
city_67,0.855,,Has relevent experience,Full time course,Masters,STEM,10,10000+,Pvt Ltd,1,82
city_103,0.92,Male,Has relevent experience,no_enrollment,Graduate,STEM,9,10000+,Public Sector,>4,11
city_103,0.92,,Has relevent experience,no_enrollment,Masters,STEM,19,10000+,Pvt Ltd,3,46
city_103,0.92,Female,Has relevent experience,no_enrollment,Graduate,Business Degree,>20,1000-4999,Pvt Ltd,4,256
city_114,0.926,Male,Has relevent experience,Full time course,High School,,12,10/49,Pvt Ltd,>4,21
city_103,0.92,Female,Has relevent experience,no_enrollment,Graduate,STEM,>20,1000-4999,Pvt Ltd,1,280
city_21,0.624,,Has relevent experience,,Graduate,STEM,4,100-500,Pvt Ltd,3,11
city_103,0.92,Male,Has relevent experience,no_enrollment,Graduate,STEM,>20,<10,Early Stage Startup,1,23
city_162,0.767,Female,No relevent experience,Full time course,High School,,2,,,1,24
city_100,0.887,Male,Has relevent experience,no_enrollment,High School,,>20,<10,Pvt Ltd,>4,6
city_103,0.92,Male,Has relevent experience,no_enrollment,Masters,STEM,13,10000+,Pvt Ltd,2,70
city_173,0.878,,No relevent experience,no_enrollment,Masters,Business Degree,15,100-500,Pvt Ltd,1,36
city_16,0.91,Male,Has relevent experience,no_enrollment,Graduate,STEM,7,50-99,Pvt Ltd,1,140
city_103,0.92,Male,Has relevent experience,no_enrollment,Graduate,Arts,>20,10000+,Pvt Ltd,2,36
city_16,0.91,Male,Has relevent experience,no_enrollment,Graduate,STEM,>20,10000+,Pvt Ltd,>4,16
city_136,0.897,,Has relevent experience,no_enrollment,,,11,<10,,2,88
city_103,0.92,,Has relevent experience,Full time course,Masters,STEM,9,10/49,Pvt Ltd,1,54
city_136,0.897,Male,No relevent experience,Full time course,Graduate,STEM,2,,Pvt Ltd,never,17
city_100,0.887,Male,Has relevent experience,Full time course,Graduate,STEM,10,100-500,,never,10
city_41,0.8270000000000001,,Has relevent experience,no_enrollment,Masters,STEM,7,50-99,,1,56
city_114,0.926,Male,Has relevent experience,no_enrollment,Masters,STEM,11,50-99,Pvt Ltd,>4,136
city_21,0.624,Male,Has relevent experience,Full time course,Graduate,STEM,8,100-500,Pvt Ltd,1,96
city_114,0.926,Male,Has relevent experience,no_enrollment,Masters,STEM,11,10/49,Early Stage Startup,1,40
city_7,0.647,Male,Has relevent experience,no_enrollment,Masters,STEM,3,10000+,Pvt Ltd,1,77
city_90,0.698,,Has relevent experience,no_enrollment,Graduate,STEM,20,1000-4999,Pvt Ltd,1,24
city_21,0.624,Male,Has relevent experience,no_enrollment,Graduate,STEM,7,10000+,Pvt Ltd,4,92
city_114,0.926,Male,Has relevent experience,no_enrollment,Graduate,STEM,>20,10000+,Pvt Ltd,>4,42
city_103,0.92,Male,Has relevent experience,no_enrollment,Graduate,STEM,14,10000+,Pvt Ltd,1,152
city_103,0.92,Male,Has relevent experience,no_enrollment,Graduate,STEM,16,10000+,Public Sector,>4,17
city_114,0.926,Male,No relevent experience,no_enrollment,Masters,STEM,10,,,1,50
city_21,0.624,Male,Has relevent experience,no_enrollment,Graduate,STEM,2,,,1,6
city_21,0.624,Male,Has relevent experience,no_enrollment,Graduate,STEM,5,10000+,Pvt Ltd,1,21
city_103,0.92,Male,Has relevent experience,no_enrollment,Graduate,STEM,6,,,>4,166
city_103,0.92,Male,Has relevent experience,Full time course,Graduate,STEM,2,100-500,Pvt Ltd,1,163
city_71,0.884,,Has relevent experience,Full time course,Primary School,,4,50-99,Early Stage Startup,1,46
city_103,0.92,Female,No relevent experience,no_enrollment,Graduate,Arts,4,50-99,Pvt Ltd,1,20
city_16,0.91,Male,No relevent experience,no_enrollment,Graduate,STEM,>20,,,never,6
city_65,0.802,,No relevent experience,no_enrollment,Graduate,STEM,10,10000+,Pvt Ltd,1,5
city_104,0.924,,Has relevent experience,no_enrollment,Masters,STEM,3,<10,,1,28
city_101,0.5579999999999999,Male,Has relevent experience,no_enrollment,Graduate,Business Degree,3,50-99,Pvt Ltd,>4,67
city_103,0.92,Male,Has relevent experience,no_enrollment,Graduate,STEM,3,100-500,Funded Startup,1,109
city_21,0.624,,No relevent experience,no_enrollment,Primary School,,2,,,never,204
city_134,0.698,Male,No relevent experience,,High School,,3,,,never,57
city_21,0.624,,Has relevent experience,Full time course,Graduate,STEM,2,10000+,Pvt Ltd,,43
city_114,0.926,Male,Has relevent experience,no_enrollment,Masters,STEM,>20,50-99,Pvt Ltd,1,33
city_149,0.6890000000000001,Male,Has relevent experience,no_enrollment,Graduate,STEM,3,100-500,Pvt Ltd,1,106
city_21,0.624,Female,Has relevent experience,no_enrollment,Masters,STEM,5,<10,,1,20
city_103,0.92,Male,No relevent experience,no_enrollment,High School,,4,,,1,64
city_103,0.92,Male,No relevent experience,no_enrollment,Graduate,STEM,5,,,>4,13
city_103,0.92,Male,No relevent experience,Full time course,Masters,Humanities,8,50-99,Public Sector,3,174
city_103,0.92,,Has relevent experience,no_enrollment,Graduate,Humanities,3,,,1,58
city_10,0.895,Male,Has relevent experience,Part time course,Graduate,STEM,19,<10,Early Stage Startup,4,6
city_103,0.92,Male,No relevent experience,Full time course,High School,,4,,,4,35
city_162,0.767,,Has relevent experience,Full time course,Graduate,STEM,10,1000-4999,Pvt Ltd,1,39
city_21,0.624,,No relevent experience,no_enrollment,Masters,STEM,6,,,1,47
city_97,0.925,Male,Has relevent experience,Part time course,Graduate,Arts,3,500-999,Pvt Ltd,1,40
city_114,0.926,Male,No relevent experience,Full time course,Graduate,STEM,10,,,never,67
city_105,0.794,Male,Has relevent experience,no_enrollment,Graduate,STEM,9,500-999,Pvt Ltd,2,11
city_103,0.92,Female,Has relevent experience,no_enrollment,Graduate,STEM,5,10000+,Pvt Ltd,2,136
city_103,0.92,Male,Has relevent experience,no_enrollment,High School,,18,,Pvt Ltd,>4,116
city_103,0.92,Male,Has relevent experience,no_enrollment,Graduate,STEM,6,1000-4999,Public Sector,4,105
city_103,0.92,Male,Has relevent experience,no_enrollment,Graduate,STEM,6,5000-9999,Pvt Ltd,4,136
city_73,0.754,Male,Has relevent experience,no_enrollment,Graduate,STEM,7,50-99,Funded Startup,4,99
city_103,0.92,Male,No relevent experience,no_enrollment,Primary School,,3,,,never,15
city_16,0.91,Male,Has relevent experience,no_enrollment,Masters,STEM,13,,,1,23
city_103,0.92,Male,No relevent experience,no_enrollment,High School,,5,,,never,81
city_103,0.92,Male,Has relevent experience,no_enrollment,Graduate,STEM,19,,,>4,312
city_16,0.91,Male,Has relevent experience,no_enrollment,Graduate,Other,6,1000-4999,,1,11
city_97,0.925,Male,Has relevent experience,no_enrollment,Graduate,STEM,>20,1000-4999,Pvt Ltd,>4,85
city_64,0.6659999999999999,Male,Has relevent experience,no_enrollment,Graduate,Business Degree,>20,,,1,29
city_21,0.624,Female,Has relevent experience,no_enrollment,Graduate,STEM,7,50-99,Pvt Ltd,1,48
city_103,0.92,,Has relevent experience,no_enrollment,Masters,STEM,18,10/49,Pvt Ltd,never,7
city_160,0.92,Female,Has relevent experience,no_enrollment,Graduate,STEM,10,100-500,Public Sector,3,23
city_16,0.91,Male,No relevent experience,Full time course,Masters,STEM,13,,Public Sector,1,57
city_21,0.624,Male,No relevent experience,Full time course,Graduate,STEM,6,,,never,161
city_121,0.7809999999999999,,No relevent experience,Full time course,Graduate,STEM,4,,,never,63
city_100,0.887,Male,Has relevent experience,no_enrollment,Graduate,STEM,15,<10,Pvt Ltd,1,11
city_114,0.926,Male,Has relevent experience,Part time course,Graduate,STEM,19,100-500,Pvt Ltd,2,42
city_57,0.866,Male,Has relevent experience,Full time course,Graduate,STEM,5,100-500,Pvt Ltd,1,48
city_21,0.624,Male,Has relevent experience,Full time course,Graduate,STEM,4,10/49,Early Stage Startup,1,196
city_103,0.92,Male,Has relevent experience,no_enrollment,Graduate,STEM,10,<10,Pvt Ltd,2,46
city_67,0.855,Male,Has relevent experience,no_enrollment,Masters,STEM,14,1000-4999,Pvt Ltd,4,54
city_136,0.897,Male,No relevent experience,Full time course,Masters,STEM,3,,,1,32
city_10,0.895,Other,Has relevent experience,no_enrollment,Graduate,STEM,16,10/49,Pvt Ltd,1,36
city_67,0.855,Male,Has relevent experience,no_enrollment,Masters,STEM,17,,,1,8
city_128,0.527,,No relevent experience,no_enrollment,High School,,3,,,never,34
city_103,0.92,Male,Has relevent experience,no_enrollment,Graduate,STEM,20,50-99,Funded Startup,4,43
city_16,0.91,Male,Has relevent experience,no_enrollment,Graduate,STEM,>20,,,1,24
city_21,0.624,Male,Has relevent experience,Part time course,Masters,STEM,3,100-500,Pvt Ltd,2,25
city_136,0.897,Male,Has relevent experience,no_enrollment,Graduate,STEM,>20,1000-4999,Pvt Ltd,>4,122
city_103,0.92,Male,Has relevent experience,no_enrollment,Graduate,STEM,8,10000+,Pvt Ltd,2,17
city_103,0.92,Male,No relevent experience,no_enrollment,Graduate,No Major,>20,50-99,Pvt Ltd,1,9
city_103,0.92,Male,Has relevent experience,no_enrollment,Graduate,STEM,7,1000-4999,Pvt Ltd,>4,262
city_11,0.55,,Has relevent experience,no_enrollment,Graduate,STEM,5,50-99,Pvt Ltd,2,57
city_75,0.939,Male,Has relevent experience,no_enrollment,Graduate,STEM,3,10/49,Early Stage Startup,1,138
city_114,0.926,Male,Has relevent experience,no_enrollment,Graduate,No Major,20,,,>4,156
city_103,0.92,,Has relevent experience,Part time course,Graduate,STEM,9,1000-4999,NGO,,136
city_16,0.91,Male,Has relevent experience,no_enrollment,Masters,STEM,15,100-500,Pvt Ltd,2,52
city_21,0.624,Male,Has relevent experience,no_enrollment,Graduate,STEM,8,10/49,Pvt Ltd,1,98
city_103,0.92,Male,No relevent experience,Full time course,Graduate,STEM,2,10000+,Pvt Ltd,1,29
city_103,0.92,Male,Has relevent experience,no_enrollment,Graduate,STEM,>20,10000+,Pvt Ltd,4,57
city_162,0.767,Male,Has relevent experience,no_enrollment,Graduate,STEM,9,1000-4999,Pvt Ltd,>4,122
city_21,0.624,Male,No relevent experience,Full time course,High School,,2,,,never,119
city_21,0.624,Female,Has relevent experience,no_enrollment,Masters,Business Degree,10,50-99,Pvt Ltd,1,15
city_103,0.92,Male,Has relevent experience,no_enrollment,Graduate,Business Degree,5,,,2,25
city_103,0.92,,No relevent experience,no_enrollment,Primary School,,2,,,,131
city_103,0.92,,Has relevent experience,no_enrollment,Graduate,STEM,>20,10000+,Pvt Ltd,1,145
city_114,0.926,Male,Has relevent experience,no_enrollment,High School,,12,50-99,Pvt Ltd,>4,314
city_103,0.92,Male,Has relevent experience,no_enrollment,Graduate,STEM,>20,100-500,Other,>4,48
city_158,0.7659999999999999,,Has relevent experience,Part time course,High School,,4,,,2,7
city_149,0.6890000000000001,Female,Has relevent experience,Full time course,Graduate,STEM,14,,,>4,51
city_67,0.855,Female,No relevent experience,Full time course,Graduate,STEM,5,10000+,Pvt Ltd,1,100
city_103,0.92,Male,Has relevent experience,no_enrollment,Masters,STEM,>20,10000+,Pvt Ltd,>4,28
city_128,0.527,Male,Has relevent experience,no_enrollment,Graduate,STEM,6,,,never,17
city_162,0.767,Male,Has relevent experience,no_enrollment,Graduate,Business Degree,>20,,Pvt Ltd,never,11
city_16,0.91,Male,No relevent experience,,,,3,,,never,84
city_16,0.91,,Has relevent experience,no_enrollment,Graduate,STEM,>20,50-99,NGO,>4,70
city_160,0.92,,No relevent experience,no_enrollment,,,17,10000+,Pvt Ltd,>4,12
city_21,0.624,Male,Has relevent experience,no_enrollment,Graduate,STEM,3,100-500,Pvt Ltd,2,26
city_114,0.926,,Has relevent experience,no_enrollment,Masters,STEM,15,100-500,Pvt Ltd,never,16
city_16,0.91,Female,Has relevent experience,no_enrollment,Graduate,Humanities,18,50-99,Pvt Ltd,1,134
city_98,0.949,Male,Has relevent experience,no_enrollment,Graduate,STEM,4,50-99,Funded Startup,4,42
city_40,0.7759999999999999,Male,No relevent experience,Full time course,Graduate,STEM,<1,,,1,127
city_21,0.624,,Has relevent experience,no_enrollment,Graduate,STEM,2,10/49,Public Sector,,36
city_114,0.926,,Has relevent experience,no_enrollment,Graduate,STEM,17,<10,Pvt Ltd,>4,76
city_24,0.698,Male,No relevent experience,no_enrollment,High School,,>20,100-500,Pvt Ltd,>4,87
city_57,0.866,Male,Has relevent experience,no_enrollment,Graduate,STEM,17,,,1,10
city_16,0.91,Male,Has relevent experience,no_enrollment,Masters,STEM,8,1000-4999,Pvt Ltd,1,56
city_27,0.848,Male,Has relevent experience,no_enrollment,Graduate,STEM,16,100-500,Funded Startup,>4,110
city_13,0.8270000000000001,,Has relevent experience,no_enrollment,Graduate,STEM,13,<10,Pvt Ltd,1,206
city_16,0.91,Male,Has relevent experience,no_enrollment,Graduate,STEM,12,500-999,Pvt Ltd,>4,56
city_28,0.939,Male,Has relevent experience,no_enrollment,Graduate,STEM,16,50-99,Pvt Ltd,2,34
city_114,0.926,,Has relevent experience,no_enrollment,High School,,14,<10,Pvt Ltd,1,78
city_103,0.92,Male,Has relevent experience,no_enrollment,Graduate,STEM,>20,,,1,12
city_21,0.624,Male,Has relevent experience,no_enrollment,Masters,STEM,7,10000+,NGO,1,59
city_103,0.92,,Has relevent experience,Full time course,Graduate,STEM,5,,,1,76
city_103,0.92,Male,Has relevent experience,no_enrollment,Graduate,STEM,4,100-500,Pvt Ltd,2,62
city_61,0.913,,Has relevent experience,no_enrollment,Graduate,STEM,6,50-99,Funded Startup,2,304
city_75,0.939,Male,Has relevent experience,no_enrollment,Graduate,Business Degree,>20,,,>4,28
city_83,0.923,Male,Has relevent experience,no_enrollment,Masters,STEM,5,,,1,37
city_114,0.926,Female,No relevent experience,Full time course,Graduate,STEM,3,10000+,Pvt Ltd,1,200
city_16,0.91,Male,Has relevent experience,no_enrollment,Graduate,No Major,18,100-500,Pvt Ltd,>4,104
city_102,0.804,Male,Has relevent experience,Full time course,Graduate,STEM,2,100-500,Pvt Ltd,1,40
city_136,0.897,Male,Has relevent experience,no_enrollment,Masters,STEM,<1,10000+,Pvt Ltd,>4,14
city_136,0.897,Male,Has relevent experience,no_enrollment,,,16,,Public Sector,3,166
city_123,0.738,Male,Has relevent experience,Full time course,Graduate,STEM,15,,,never,57
city_11,0.55,Male,Has relevent experience,Full time course,Graduate,STEM,4,<10,,1,69
city_173,0.878,Male,Has relevent experience,no_enrollment,Masters,STEM,9,50-99,Pvt Ltd,3,14
city_103,0.92,Female,Has relevent experience,no_enrollment,Graduate,STEM,>20,,,2,105
city_21,0.624,Male,Has relevent experience,Full time course,Graduate,STEM,8,10000+,Pvt Ltd,2,20
city_64,0.6659999999999999,,No relevent experience,no_enrollment,Graduate,STEM,18,,,>4,18
city_103,0.92,Male,No relevent experience,no_enrollment,High School,,5,,,never,105
city_101,0.5579999999999999,Male,Has relevent experience,no_enrollment,Graduate,STEM,7,100-500,NGO,1,136
city_103,0.92,Male,Has relevent experience,no_enrollment,Graduate,STEM,3,10000+,Pvt Ltd,1,222
city_21,0.624,Male,No relevent experience,,Graduate,STEM,<1,,,1,107
city_103,0.92,,No relevent experience,no_enrollment,Graduate,STEM,12,,,4,50
city_103,0.92,,Has relevent experience,no_enrollment,Graduate,STEM,>20,10/49,Early Stage Startup,2,8
city_73,0.754,Male,Has relevent experience,no_enrollment,High School,,<1,,Pvt Ltd,never,23
city_71,0.884,Male,Has relevent experience,no_enrollment,Graduate,STEM,7,,,>4,104
city_103,0.92,Male,Has relevent experience,no_enrollment,Graduate,STEM,8,50-99,Pvt Ltd,never,84
city_145,0.555,,Has relevent experience,no_enrollment,Graduate,STEM,4,100-500,Pvt Ltd,1,22
city_103,0.92,Male,Has relevent experience,no_enrollment,Graduate,STEM,7,10000+,Pvt Ltd,1,41
city_74,0.579,,Has relevent experience,no_enrollment,Graduate,STEM,3,50-99,Pvt Ltd,1,62
city_77,0.83,Male,Has relevent experience,no_enrollment,Graduate,Humanities,16,,,1,28
city_115,0.789,,Has relevent experience,no_enrollment,Graduate,STEM,2,50-99,Pvt Ltd,1,18
city_74,0.579,Male,Has relevent experience,no_enrollment,Graduate,STEM,5,100-500,Pvt Ltd,1,34
city_42,0.563,Female,No relevent experience,Full time course,Graduate,STEM,4,,,2,148
city_136,0.897,Male,No relevent experience,Part time course,Masters,STEM,4,1000-4999,,1,17
city_128,0.527,Male,Has relevent experience,no_enrollment,Graduate,STEM,5,10/49,Pvt Ltd,2,66
city_114,0.926,Male,Has relevent experience,no_enrollment,Masters,STEM,18,50-99,Pvt Ltd,>4,26
city_83,0.923,Male,No relevent experience,no_enrollment,Graduate,Other,8,50-99,Pvt Ltd,1,57
city_21,0.624,,No relevent experience,Full time course,High School,,2,,,never,8
city_138,0.836,Male,Has relevent experience,no_enrollment,Graduate,STEM,>20,10/49,Pvt Ltd,1,60
city_67,0.855,Male,Has relevent experience,no_enrollment,Masters,STEM,>20,100-500,Pvt Ltd,2,89
city_99,0.915,Male,No relevent experience,no_enrollment,Graduate,STEM,2,100-500,Public Sector,1,31
city_64,0.6659999999999999,Male,Has relevent experience,no_enrollment,Graduate,STEM,10,100-500,Pvt Ltd,>4,33
city_103,0.92,,Has relevent experience,no_enrollment,Graduate,STEM,>20,,,4,146
city_16,0.91,Male,No relevent experience,Full time course,Masters,Humanities,>20,,,3,94
city_162,0.767,Male,Has relevent experience,Full time course,Graduate,STEM,15,50-99,Pvt Ltd,3,84
city_8,0.698,Male,No relevent experience,,,,6,,,1,33
city_16,0.91,Male,Has relevent experience,no_enrollment,Graduate,STEM,15,50-99,Funded Startup,1,72
city_114,0.926,Male,Has relevent experience,no_enrollment,Masters,STEM,>20,500-999,Pvt Ltd,2,57
city_103,0.92,Female,Has relevent experience,no_enrollment,Masters,Humanities,3,,,1,2
city_103,0.92,Male,Has relevent experience,no_enrollment,Graduate,STEM,5,5000-9999,NGO,2,25
city_136,0.897,Male,No relevent experience,no_enrollment,Masters,Business Degree,18,50-99,NGO,1,31
city_103,0.92,Male,No relevent experience,Full time course,High School,,6,,,1,82
city_103,0.92,Male,Has relevent experience,no_enrollment,Graduate,STEM,7,10/49,Pvt Ltd,1,43
city_70,0.698,Male,No relevent experience,no_enrollment,Graduate,STEM,6,,,never,23
city_21,0.624,,Has relevent experience,no_enrollment,Graduate,STEM,9,100-500,Pvt Ltd,,88
city_23,0.899,Male,Has relevent experience,Part time course,Graduate,STEM,16,10000+,Pvt Ltd,1,82
city_114,0.926,Male,No relevent experience,Full time course,High School,,1,,,never,8
city_75,0.939,Male,Has relevent experience,no_enrollment,Graduate,Business Degree,>20,500-999,Pvt Ltd,never,55
city_126,0.479,Male,No relevent experience,,Primary School,,>20,,,never,222
city_103,0.92,Male,Has relevent experience,Part time course,Graduate,STEM,>20,,,>4,52
city_7,0.647,Male,Has relevent experience,Part time course,Masters,STEM,2,50-99,Early Stage Startup,1,7
city_103,0.92,Male,Has relevent experience,no_enrollment,Graduate,STEM,>20,10/49,Pvt Ltd,>4,12
city_114,0.926,Male,Has relevent experience,no_enrollment,Graduate,STEM,10,10000+,Pvt Ltd,2,33
city_136,0.897,Male,Has relevent experience,no_enrollment,Masters,STEM,,100-500,,,46
city_150,0.698,Male,Has relevent experience,Full time course,Masters,STEM,4,,,2,138
city_114,0.926,Male,No relevent experience,,High School,,9,50-99,Pvt Ltd,never,46
city_97,0.925,Male,No relevent experience,Full time course,Graduate,STEM,12,,,2,20
city_16,0.91,Female,No relevent experience,no_enrollment,Graduate,STEM,>20,10000+,Pvt Ltd,1,47
city_103,0.92,Male,Has relevent experience,Full time course,Masters,STEM,8,,Public Sector,never,125
city_50,0.8959999999999999,Male,Has relevent experience,no_enrollment,Graduate,STEM,16,,,4,244
city_103,0.92,Male,Has relevent experience,no_enrollment,Masters,STEM,>20,,,>4,44
city_102,0.804,,No relevent experience,no_enrollment,Masters,Business Degree,2,50-99,Pvt Ltd,1,60
city_103,0.92,Female,Has relevent experience,no_enrollment,Graduate,STEM,14,100-500,Public Sector,2,64
city_173,0.878,Male,Has relevent experience,no_enrollment,Masters,STEM,>20,,,4,130
city_65,0.802,Male,Has relevent experience,no_enrollment,Graduate,STEM,4,,,1,15
city_74,0.579,Male,Has relevent experience,no_enrollment,Graduate,STEM,4,10/49,Pvt Ltd,1,320
city_28,0.939,Male,Has relevent experience,no_enrollment,Graduate,STEM,>20,<10,Pvt Ltd,>4,41
city_16,0.91,Male,Has relevent experience,Part time course,Masters,STEM,>20,50-99,Funded Startup,1,284
city_11,0.55,,Has relevent experience,Part time course,Graduate,STEM,3,100-500,Pvt Ltd,1,50
city_104,0.924,Male,No relevent experience,Full time course,High School,,4,,,2,53
city_114,0.926,Male,Has relevent experience,no_enrollment,Graduate,STEM,12,50-99,Pvt Ltd,1,90
city_45,0.89,Male,Has relevent experience,Full time course,Graduate,STEM,9,50-99,Pvt Ltd,>4,90
city_103,0.92,Male,Has relevent experience,no_enrollment,Masters,STEM,5,10/49,Pvt Ltd,4,128
city_21,0.624,Male,No relevent experience,Full time course,Graduate,STEM,<1,,Pvt Ltd,never,114
city_103,0.92,Male,Has relevent experience,no_enrollment,Graduate,Humanities,8,10000+,Pvt Ltd,1,21
city_103,0.92,Male,Has relevent experience,no_enrollment,Graduate,STEM,9,10000+,Pvt Ltd,4,96
city_114,0.926,,Has relevent experience,no_enrollment,Graduate,STEM,16,1000-4999,,2,60
city_36,0.893,Male,No relevent experience,Full time course,High School,,2,100-500,Pvt Ltd,1,30
city_46,0.762,Male,No relevent experience,Full time course,High School,,8,,,1,36
city_160,0.92,Male,No relevent experience,Full time course,Masters,STEM,10,,,1,7
city_103,0.92,Male,Has relevent experience,Full time course,Graduate,STEM,9,1000-4999,Pvt Ltd,1,102
city_103,0.92,Female,Has relevent experience,no_enrollment,Graduate,STEM,7,1000-4999,Public Sector,1,55
city_160,0.92,Male,Has relevent experience,no_enrollment,Graduate,STEM,>20,10/49,Funded Startup,1,94
city_102,0.804,Male,Has relevent experience,Full time course,Graduate,STEM,9,5000-9999,Pvt Ltd,2,22
city_67,0.855,Male,Has relevent experience,no_enrollment,Masters,STEM,11,100-500,Pvt Ltd,1,6
city_75,0.939,,Has relevent experience,no_enrollment,Graduate,Humanities,>20,100-500,Pvt Ltd,1,64
city_45,0.89,Male,Has relevent experience,no_enrollment,Masters,STEM,>20,100-500,Public Sector,>4,42
city_114,0.926,Male,Has relevent experience,Part time course,Graduate,STEM,3,100-500,Pvt Ltd,1,31
city_160,0.92,Male,Has relevent experience,no_enrollment,Graduate,STEM,7,50-99,Pvt Ltd,2,11
city_160,0.92,Male,Has relevent experience,no_enrollment,Graduate,STEM,16,50-99,Funded Startup,>4,42
city_103,0.92,,Has relevent experience,no_enrollment,Graduate,STEM,>20,10000+,Pvt Ltd,3,6
city_103,0.92,Male,Has relevent experience,no_enrollment,Graduate,STEM,12,10/49,Pvt Ltd,4,42
city_40,0.7759999999999999,Male,Has relevent experience,no_enrollment,Graduate,STEM,>20,,,4,90
city_103,0.92,Male,Has relevent experience,no_enrollment,Graduate,STEM,13,10000+,Pvt Ltd,3,190
city_67,0.855,Male,Has relevent experience,no_enrollment,Graduate,STEM,7,10000+,Pvt Ltd,1,2
city_21,0.624,Male,Has relevent experience,no_enrollment,Graduate,STEM,7,10000+,Pvt Ltd,2,240
city_150,0.698,Male,Has relevent experience,no_enrollment,Graduate,STEM,6,50-99,Pvt Ltd,1,20
city_100,0.887,Male,No relevent experience,Part time course,Graduate,STEM,3,,,never,32
city_103,0.92,Female,No relevent experience,Full time course,Graduate,STEM,7,10000+,Pvt Ltd,1,22
city_21,0.624,Male,No relevent experience,Full time course,High School,,1,,,never,112
city_160,0.92,Female,Has relevent experience,no_enrollment,Graduate,STEM,13,500-999,Pvt Ltd,3,23
city_10,0.895,Male,Has relevent experience,no_enrollment,Masters,STEM,9,50-99,Funded Startup,1,81
city_41,0.8270000000000001,Male,Has relevent experience,no_enrollment,Graduate,STEM,>20,,,3,98
city_145,0.555,,No relevent experience,Full time course,High School,,4,,,1,73
city_103,0.92,Male,Has relevent experience,no_enrollment,Graduate,STEM,>20,100-500,Pvt Ltd,2,20
city_16,0.91,Male,Has relevent experience,no_enrollment,Graduate,STEM,16,,,1,194
city_103,0.92,Male,Has relevent experience,no_enrollment,Phd,STEM,15,50-99,Funded Startup,4,108
city_16,0.91,Male,Has relevent experience,no_enrollment,Graduate,STEM,10,500-999,Pvt Ltd,1,28
city_114,0.926,Male,No relevent experience,Full time course,Graduate,STEM,10,100-500,Pvt Ltd,1,4
city_103,0.92,Male,Has relevent experience,no_enrollment,Graduate,STEM,6,10000+,Pvt Ltd,2,220
city_114,0.926,Male,Has relevent experience,no_enrollment,Masters,STEM,18,100-500,Pvt Ltd,2,12
city_65,0.802,Male,No relevent experience,Full time course,Graduate,STEM,6,,,1,40
city_103,0.92,Male,Has relevent experience,no_enrollment,Graduate,STEM,7,,,>4,86
city_57,0.866,Male,Has relevent experience,no_enrollment,Graduate,STEM,11,<10,Pvt Ltd,1,143
city_144,0.84,Male,No relevent experience,no_enrollment,High School,,3,,,never,14
city_21,0.624,,No relevent experience,Full time course,Masters,STEM,4,,,never,53
city_103,0.92,Male,Has relevent experience,no_enrollment,Graduate,STEM,12,50-99,Funded Startup,1,107
city_11,0.55,,No relevent experience,Full time course,Graduate,,<1,50-99,Pvt Ltd,1,46
city_160,0.92,Male,Has relevent experience,no_enrollment,Graduate,STEM,4,50-99,Pvt Ltd,1,204
city_159,0.843,,Has relevent experience,no_enrollment,Graduate,STEM,17,50-99,Funded Startup,1,70
city_71,0.884,,Has relevent experience,no_enrollment,Masters,STEM,2,5000-9999,Pvt Ltd,never,174
city_103,0.92,Male,Has relevent experience,no_enrollment,Graduate,STEM,>20,1000-4999,Pvt Ltd,1,54
city_21,0.624,Male,Has relevent experience,no_enrollment,Graduate,STEM,6,50-99,Pvt Ltd,1,20
city_75,0.939,Female,Has relevent experience,no_enrollment,Masters,Other,10,1000-4999,Pvt Ltd,1,40
city_21,0.624,,Has relevent experience,no_enrollment,Graduate,STEM,16,5000-9999,Pvt Ltd,4,92
city_21,0.624,Male,Has relevent experience,no_enrollment,Masters,STEM,8,100-500,Pvt Ltd,>4,36
city_16,0.91,Male,Has relevent experience,no_enrollment,Masters,STEM,7,50-99,,1,53
city_21,0.624,Male,Has relevent experience,,Graduate,STEM,7,100-500,Pvt Ltd,4,82
city_21,0.624,Male,No relevent experience,Full time course,Graduate,STEM,3,,,never,62
city_103,0.92,Male,Has relevent experience,no_enrollment,Masters,STEM,14,100-500,Pvt Ltd,3,81
city_103,0.92,Male,No relevent experience,Part time course,Graduate,STEM,2,10000+,Pvt Ltd,1,6
city_173,0.878,,No relevent experience,Part time course,Masters,STEM,>20,500-999,NGO,never,6
city_162,0.767,Male,No relevent experience,Full time course,High School,,3,,,1,68
city_10,0.895,Male,Has relevent experience,Part time course,High School,,13,50-99,Pvt Ltd,2,172
city_16,0.91,Male,Has relevent experience,no_enrollment,Masters,STEM,>20,100-500,Pvt Ltd,1,21
city_41,0.8270000000000001,,Has relevent experience,Full time course,Graduate,STEM,4,500-999,,1,140
city_103,0.92,,No relevent experience,,,,2,,,never,146
city_16,0.91,Male,Has relevent experience,no_enrollment,Masters,STEM,11,,,1,3
city_103,0.92,Male,Has relevent experience,no_enrollment,High School,,>20,<10,Pvt Ltd,>4,20
city_138,0.836,Male,No relevent experience,Full time course,High School,,6,,,never,108
city_152,0.698,Male,No relevent experience,no_enrollment,Graduate,STEM,>20,<10,Pvt Ltd,never,56
city_90,0.698,,Has relevent experience,no_enrollment,Masters,STEM,9,10/49,,4,86
city_103,0.92,Female,No relevent experience,no_enrollment,Masters,STEM,9,,,1,106
city_102,0.804,Male,No relevent experience,Full time course,High School,,3,1000-4999,Pvt Ltd,1,4
city_23,0.899,Male,No relevent experience,no_enrollment,Graduate,STEM,16,10000+,Pvt Ltd,>4,13
city_75,0.939,Male,Has relevent experience,no_enrollment,Masters,STEM,>20,50-99,Pvt Ltd,2,50
city_16,0.91,Male,Has relevent experience,no_enrollment,Graduate,STEM,6,1000-4999,Pvt Ltd,1,7
city_75,0.939,Male,No relevent experience,no_enrollment,Primary School,,8,,,never,56
city_21,0.624,Male,Has relevent experience,Full time course,Graduate,STEM,8,5000-9999,Pvt Ltd,1,18
city_21,0.624,Male,No relevent experience,Full time course,High School,,<1,,,never,15
city_150,0.698,,No relevent experience,Part time course,Masters,STEM,<1,,,2,108
city_103,0.92,Male,Has relevent experience,no_enrollment,Graduate,STEM,>20,50-99,Pvt Ltd,>4,9
city_160,0.92,,No relevent experience,Full time course,High School,,7,,,2,12
city_21,0.624,Male,Has relevent experience,Full time course,,,2,50-99,Pvt Ltd,1,99
city_99,0.915,,No relevent experience,Full time course,Graduate,,5,,,1,18
city_50,0.8959999999999999,Male,Has relevent experience,no_enrollment,Masters,Humanities,>20,5000-9999,NGO,>4,18
city_103,0.92,Male,Has relevent experience,no_enrollment,Graduate,STEM,10,100-500,Pvt Ltd,>4,67
city_136,0.897,,No relevent experience,Full time course,Graduate,STEM,6,,,1,17
city_21,0.624,,Has relevent experience,no_enrollment,Graduate,STEM,>20,10000+,Pvt Ltd,>4,26
city_103,0.92,Male,Has relevent experience,no_enrollment,Masters,STEM,>20,1000-4999,Public Sector,>4,55
city_114,0.926,Male,No relevent experience,Full time course,High School,,6,10000+,Pvt Ltd,never,72
city_103,0.92,,Has relevent experience,no_enrollment,Graduate,STEM,16,,,>4,28
city_74,0.579,Male,Has relevent experience,no_enrollment,Graduate,STEM,5,50-99,Pvt Ltd,1,14
city_114,0.926,Male,Has relevent experience,no_enrollment,Masters,STEM,16,100-500,Pvt Ltd,>4,37
city_21,0.624,Female,Has relevent experience,Full time course,Masters,STEM,<1,<10,Pvt Ltd,1,29
city_16,0.91,,Has relevent experience,no_enrollment,Phd,STEM,>20,10000+,Pvt Ltd,>4,35
city_9,0.743,,Has relevent experience,Full time course,Graduate,STEM,5,<10,Pvt Ltd,never,69
city_114,0.926,Male,Has relevent experience,no_enrollment,Masters,STEM,>20,100-500,Pvt Ltd,never,57
city_100,0.887,,No relevent experience,Part time course,High School,,3,10/49,Pvt Ltd,1,12
city_73,0.754,Male,Has relevent experience,no_enrollment,Graduate,STEM,10,100-500,Public Sector,2,32
city_16,0.91,Male,Has relevent experience,no_enrollment,Phd,Other,>20,50-99,Pvt Ltd,>4,248
city_173,0.878,Male,No relevent experience,no_enrollment,High School,,10,,,1,17
city_64,0.6659999999999999,,Has relevent experience,no_enrollment,Graduate,STEM,9,100-500,,never,23
city_76,0.698,Male,Has relevent experience,no_enrollment,Graduate,STEM,19,,,1,44
city_138,0.836,Male,Has relevent experience,Full time course,High School,,9,50-99,Pvt Ltd,2,130
city_89,0.925,Female,No relevent experience,Full time course,Graduate,STEM,2,10/49,Early Stage Startup,1,100
city_21,0.624,,No relevent experience,no_enrollment,,,,,,never,44
city_162,0.767,,No relevent experience,Full time course,Primary School,,3,,,1,50
city_45,0.89,Male,Has relevent experience,,Graduate,STEM,9,<10,Pvt Ltd,1,73
city_21,0.624,Male,Has relevent experience,,Graduate,STEM,3,,Pvt Ltd,,56
city_73,0.754,Male,Has relevent experience,no_enrollment,Graduate,STEM,15,50-99,Pvt Ltd,1,72
city_103,0.92,,No relevent experience,,,,3,,,never,174
city_36,0.893,Male,Has relevent experience,no_enrollment,Masters,STEM,10,50-99,Pvt Ltd,2,58
city_21,0.624,Male,No relevent experience,Full time course,High School,,1,<10,Pvt Ltd,1,64
city_123,0.738,Male,Has relevent experience,Full time course,Graduate,STEM,3,50-99,Pvt Ltd,never,40
city_21,0.624,Female,Has relevent experience,Full time course,Graduate,STEM,6,50-99,Pvt Ltd,3,59
city_16,0.91,,Has relevent experience,no_enrollment,,,5,,,1,102
city_21,0.624,Male,Has relevent experience,Full time course,Graduate,STEM,,100-500,Pvt Ltd,1,52
city_116,0.743,,Has relevent experience,no_enrollment,High School,,1,1000-4999,Pvt Ltd,1,132
city_76,0.698,,Has relevent experience,no_enrollment,High School,,5,<10,Funded Startup,1,44
city_45,0.89,Male,Has relevent experience,Full time course,Graduate,STEM,6,100-500,,1,28
city_16,0.91,Male,Has relevent experience,no_enrollment,Graduate,No Major,16,100-500,Pvt Ltd,3,53
city_21,0.624,Female,Has relevent experience,no_enrollment,Masters,Other,8,<10,NGO,1,17
city_21,0.624,Male,Has relevent experience,no_enrollment,Masters,STEM,>20,500-999,NGO,>4,26
city_145,0.555,Male,No relevent experience,Full time course,Graduate,STEM,7,10/49,Pvt Ltd,1,102
city_103,0.92,Male,Has relevent experience,no_enrollment,Graduate,STEM,10,500-999,Pvt Ltd,1,50
city_144,0.84,Male,Has relevent experience,no_enrollment,Graduate,STEM,3,50-99,Pvt Ltd,1,41
city_21,0.624,,Has relevent experience,no_enrollment,Graduate,STEM,3,,,1,51
city_118,0.722,Female,Has relevent experience,no_enrollment,Masters,STEM,>20,<10,Pvt Ltd,>4,70
city_21,0.624,Male,Has relevent experience,no_enrollment,Graduate,STEM,10,100-500,Pvt Ltd,1,13
city_103,0.92,Female,Has relevent experience,no_enrollment,Graduate,Humanities,<1,,,1,42
city_16,0.91,,Has relevent experience,no_enrollment,Graduate,STEM,>20,,,1,302
city_103,0.92,Male,Has relevent experience,no_enrollment,Graduate,STEM,>20,,,1,52
city_73,0.754,Male,Has relevent experience,no_enrollment,Graduate,STEM,10,,,never,23
city_160,0.92,Male,Has relevent experience,no_enrollment,Graduate,STEM,15,100-500,Pvt Ltd,4,266
city_136,0.897,Male,No relevent experience,Full time course,,,1,,,never,53
city_136,0.897,Male,Has relevent experience,no_enrollment,Masters,STEM,10,1000-4999,,1,31
city_16,0.91,Male,Has relevent experience,no_enrollment,Graduate,STEM,10,<10,Pvt Ltd,1,44
city_21,0.624,Male,No relevent experience,Full time course,Graduate,STEM,2,,,never,13
city_21,0.624,,Has relevent experience,no_enrollment,Graduate,STEM,5,100-500,Pvt Ltd,4,14
city_136,0.897,,No relevent experience,Part time course,Graduate,STEM,5,,,,9
city_103,0.92,Male,Has relevent experience,no_enrollment,Graduate,STEM,4,50-99,Pvt Ltd,2,89
city_160,0.92,,No relevent experience,Full time course,High School,,2,,,1,143
city_114,0.926,Male,No relevent experience,Full time course,Graduate,STEM,4,,,4,24
city_21,0.624,Male,No relevent experience,Full time course,Graduate,STEM,2,,,never,36
city_103,0.92,Male,Has relevent experience,no_enrollment,Masters,STEM,15,,,>4,42
city_46,0.762,Male,Has relevent experience,no_enrollment,Graduate,STEM,16,50-99,Pvt Ltd,1,16
city_75,0.939,Male,Has relevent experience,no_enrollment,Graduate,STEM,20,1000-4999,Pvt Ltd,>4,40
city_103,0.92,Male,Has relevent experience,no_enrollment,Masters,STEM,20,10000+,Pvt Ltd,>4,76
city_105,0.794,Male,Has relevent experience,no_enrollment,Graduate,STEM,>20,,,4,15
city_65,0.802,,Has relevent experience,no_enrollment,Masters,STEM,8,5000-9999,Pvt Ltd,1,102
city_21,0.624,,No relevent experience,Full time course,Graduate,STEM,5,,,never,98
city_11,0.55,Male,Has relevent experience,no_enrollment,Graduate,STEM,4,50-99,Funded Startup,2,30
city_57,0.866,Male,Has relevent experience,no_enrollment,Graduate,Other,>20,,,>4,104
city_12,0.64,Male,No relevent experience,no_enrollment,Graduate,STEM,12,100-500,Pvt Ltd,1,28
city_103,0.92,Male,Has relevent experience,no_enrollment,Graduate,STEM,9,50-99,Funded Startup,1,44
city_67,0.855,Male,Has relevent experience,no_enrollment,Graduate,STEM,8,10000+,,3,36
city_103,0.92,Male,No relevent experience,no_enrollment,Graduate,STEM,15,100-500,Funded Startup,1,182
city_21,0.624,Male,Has relevent experience,Full time course,Graduate,STEM,4,10/49,Pvt Ltd,4,109
city_104,0.924,Male,Has relevent experience,no_enrollment,Graduate,STEM,5,<10,Early Stage Startup,1,105
city_136,0.897,Female,Has relevent experience,no_enrollment,Masters,STEM,7,,,1,48
city_21,0.624,Male,Has relevent experience,no_enrollment,Graduate,STEM,7,10000+,Pvt Ltd,never,6
city_160,0.92,,No relevent experience,no_enrollment,Phd,STEM,>20,5000-9999,Public Sector,>4,19
city_105,0.794,Female,Has relevent experience,no_enrollment,Graduate,STEM,>20,100-500,Pvt Ltd,2,84
city_103,0.92,Female,Has relevent experience,no_enrollment,Graduate,Other,>20,,,1,68
city_160,0.92,,Has relevent experience,Full time course,Graduate,STEM,18,50-99,Public Sector,3,68
city_67,0.855,Male,Has relevent experience,no_enrollment,Graduate,STEM,16,50-99,Funded Startup,2,16
city_103,0.92,,No relevent experience,no_enrollment,Graduate,STEM,<1,,,1,176
city_114,0.926,Male,Has relevent experience,no_enrollment,High School,,4,10/49,Pvt Ltd,2,52
city_160,0.92,Male,No relevent experience,no_enrollment,Masters,STEM,<1,50-99,Pvt Ltd,1,9
city_103,0.92,Male,Has relevent experience,no_enrollment,Graduate,Arts,16,50-99,Pvt Ltd,3,8
city_59,0.775,,Has relevent experience,Full time course,Graduate,STEM,8,50-99,Pvt Ltd,,164
city_136,0.897,,No relevent experience,Full time course,High School,,<1,,,never,40
city_21,0.624,Male,No relevent experience,Full time course,,,3,,Pvt Ltd,never,53
city_50,0.8959999999999999,Male,Has relevent experience,no_enrollment,Graduate,STEM,>20,,,2,168
city_67,0.855,Male,No relevent experience,Full time course,High School,,7,,,1,55
city_23,0.899,,Has relevent experience,Part time course,Graduate,STEM,11,50-99,Pvt Ltd,2,151
city_103,0.92,Male,Has relevent experience,no_enrollment,Graduate,STEM,>20,1000-4999,Pvt Ltd,>4,61
city_159,0.843,Female,Has relevent experience,no_enrollment,Graduate,STEM,6,10000+,Pvt Ltd,1,70
city_21,0.624,Male,Has relevent experience,Full time course,Graduate,STEM,8,10000+,Pvt Ltd,3,92
city_160,0.92,,Has relevent experience,Part time course,Graduate,STEM,9,,,3,55
city_21,0.624,Male,Has relevent experience,no_enrollment,Masters,STEM,5,100-500,Pvt Ltd,1,146
city_20,0.7959999999999999,Male,Has relevent experience,no_enrollment,Masters,STEM,11,100-500,Pvt Ltd,2,26
city_103,0.92,,Has relevent experience,no_enrollment,Graduate,STEM,10,100-500,NGO,1,48
city_103,0.92,,Has relevent experience,no_enrollment,Graduate,STEM,>20,100-500,Pvt Ltd,3,9
city_21,0.624,Male,Has relevent experience,Full time course,Graduate,STEM,3,50-99,NGO,1,98
city_103,0.92,,Has relevent experience,no_enrollment,Graduate,STEM,13,10000+,Pvt Ltd,4,10
city_73,0.754,,Has relevent experience,Part time course,Graduate,STEM,3,50-99,Pvt Ltd,>4,39
city_21,0.624,Male,No relevent experience,Full time course,Graduate,STEM,3,500-999,Pvt Ltd,1,34
city_74,0.579,Male,Has relevent experience,no_enrollment,Graduate,STEM,11,50-99,Pvt Ltd,>4,107
city_57,0.866,Other,No relevent experience,Full time course,High School,,1,,Pvt Ltd,never,37
city_165,0.903,,Has relevent experience,Full time course,Graduate,,5,50-99,Pvt Ltd,2,77
city_99,0.915,Male,Has relevent experience,no_enrollment,Graduate,STEM,9,,,1,25
city_103,0.92,,Has relevent experience,no_enrollment,Masters,STEM,>20,100-500,Public Sector,1,160
city_24,0.698,Male,Has relevent experience,no_enrollment,Masters,STEM,>20,10/49,Pvt Ltd,>4,9
city_136,0.897,Male,Has relevent experience,no_enrollment,Masters,STEM,7,10000+,Pvt Ltd,4,42
city_21,0.624,Male,No relevent experience,,,,6,,Pvt Ltd,never,17
city_105,0.794,Male,Has relevent experience,no_enrollment,Graduate,STEM,>20,,,>4,36
city_21,0.624,,No relevent experience,no_enrollment,Graduate,STEM,4,10000+,,never,140
city_21,0.624,Male,Has relevent experience,no_enrollment,Graduate,STEM,2,50-99,Pvt Ltd,2,316
city_103,0.92,,Has relevent experience,no_enrollment,Masters,STEM,9,10000+,Pvt Ltd,1,10
city_103,0.92,Male,Has relevent experience,no_enrollment,Graduate,STEM,15,10000+,Pvt Ltd,>4,242
city_16,0.91,Male,Has relevent experience,no_enrollment,Graduate,STEM,14,100-500,Pvt Ltd,2,140
city_103,0.92,Female,Has relevent experience,no_enrollment,Graduate,STEM,2,50-99,Early Stage Startup,1,124
city_94,0.698,Male,Has relevent experience,no_enrollment,Graduate,STEM,5,,,>4,112
city_103,0.92,Male,No relevent experience,no_enrollment,Graduate,STEM,20,50-99,Pvt Ltd,>4,7
city_103,0.92,,Has relevent experience,no_enrollment,Phd,STEM,16,100-500,Funded Startup,1,113
city_102,0.804,,Has relevent experience,Part time course,Graduate,STEM,8,10/49,Pvt Ltd,1,17
city_21,0.624,Male,Has relevent experience,Full time course,Graduate,STEM,2,,,1,10
city_114,0.926,Male,Has relevent experience,no_enrollment,Graduate,STEM,6,10/49,Pvt Ltd,2,9
city_65,0.802,,No relevent experience,no_enrollment,High School,,4,,,,23
city_100,0.887,Male,Has relevent experience,no_enrollment,High School,,16,1000-4999,Pvt Ltd,1,143
city_103,0.92,Male,Has relevent experience,no_enrollment,Graduate,STEM,>20,1000-4999,Public Sector,>4,52
city_103,0.92,Male,No relevent experience,no_enrollment,Graduate,STEM,15,10000+,Pvt Ltd,2,16
city_103,0.92,Male,Has relevent experience,no_enrollment,Graduate,STEM,6,50-99,Funded Startup,1,29
city_16,0.91,,No relevent experience,Part time course,Graduate,STEM,<1,10000+,Pvt Ltd,2,39
city_1,0.847,Male,No relevent experience,Full time course,High School,,9,,,1,60
city_114,0.926,Male,Has relevent experience,no_enrollment,Masters,STEM,16,,,2,13
city_102,0.804,Male,Has relevent experience,no_enrollment,Graduate,STEM,14,,,1,29
city_45,0.89,Male,Has relevent experience,no_enrollment,Masters,STEM,>20,50-99,Pvt Ltd,2,8
city_103,0.92,,Has relevent experience,no_enrollment,Graduate,STEM,>20,,,>4,14
city_50,0.8959999999999999,Male,Has relevent experience,no_enrollment,Masters,Humanities,18,5000-9999,NGO,3,65
city_103,0.92,Male,Has relevent experience,no_enrollment,Graduate,STEM,20,,,1,134
city_150,0.698,Male,No relevent experience,Part time course,Graduate,STEM,3,,,never,54
city_21,0.624,,Has relevent experience,no_enrollment,Graduate,STEM,3,10000+,Pvt Ltd,never,63
city_21,0.624,Male,Has relevent experience,Full time course,Graduate,STEM,<1,500-999,Pvt Ltd,1,24
city_103,0.92,Male,Has relevent experience,no_enrollment,Graduate,STEM,>20,50-99,Pvt Ltd,>4,256
city_103,0.92,Male,No relevent experience,no_enrollment,Graduate,Arts,18,10/49,Pvt Ltd,4,20
city_21,0.624,,Has relevent experience,no_enrollment,Graduate,STEM,5,50-99,Pvt Ltd,1,220
city_23,0.899,Female,Has relevent experience,no_enrollment,Graduate,STEM,17,<10,Funded Startup,1,52
city_21,0.624,,No relevent experience,,,,5,,,,98
city_21,0.624,Male,Has relevent experience,no_enrollment,Graduate,STEM,11,50-99,Pvt Ltd,1,67
city_65,0.802,,No relevent experience,no_enrollment,High School,,2,,,never,13
city_21,0.624,Male,Has relevent experience,no_enrollment,Graduate,STEM,2,50-99,Pvt Ltd,1,50
city_103,0.92,Male,Has relevent experience,no_enrollment,Graduate,STEM,14,<10,Pvt Ltd,2,110
city_103,0.92,,Has relevent experience,no_enrollment,Masters,STEM,>20,,,4,87
city_134,0.698,,Has relevent experience,Full time course,Masters,Other,>20,<10,Early Stage Startup,,52
city_9,0.743,Male,Has relevent experience,no_enrollment,Masters,STEM,>20,100-500,Pvt Ltd,1,278
city_80,0.847,,Has relevent experience,no_enrollment,,,>20,500-999,,never,96
city_123,0.738,,Has relevent experience,no_enrollment,Graduate,STEM,4,10/49,Pvt Ltd,,23
city_21,0.624,Male,Has relevent experience,Full time course,Graduate,STEM,10,5000-9999,Pvt Ltd,1,286
city_136,0.897,,No relevent experience,no_enrollment,Masters,STEM,1,<10,Funded Startup,1,16
city_103,0.92,,No relevent experience,no_enrollment,Graduate,Other,14,100-500,Pvt Ltd,>4,166
city_11,0.55,Male,Has relevent experience,no_enrollment,Graduate,No Major,7,500-999,Pvt Ltd,2,72
city_145,0.555,Male,No relevent experience,Full time course,Graduate,STEM,2,,Pvt Ltd,never,25
city_102,0.804,,Has relevent experience,no_enrollment,,,15,50-99,Pvt Ltd,>4,21
city_103,0.92,Male,Has relevent experience,no_enrollment,Masters,STEM,16,1000-4999,Pvt Ltd,4,15
city_16,0.91,Male,Has relevent experience,no_enrollment,Graduate,Other,>20,100-500,Pvt Ltd,4,95
city_103,0.92,Male,Has relevent experience,no_enrollment,Graduate,STEM,4,50-99,Pvt Ltd,1,52
city_19,0.682,Male,Has relevent experience,no_enrollment,Graduate,STEM,>20,,,1,31
city_21,0.624,Male,Has relevent experience,no_enrollment,Masters,STEM,10,50-99,Pvt Ltd,1,19
city_114,0.926,Male,No relevent experience,Full time course,Graduate,STEM,6,50-99,NGO,1,51
city_11,0.55,,Has relevent experience,no_enrollment,Graduate,STEM,4,10/49,,never,52
city_64,0.6659999999999999,,Has relevent experience,no_enrollment,Graduate,STEM,>20,10/49,Other,>4,13
city_103,0.92,,No relevent experience,no_enrollment,,,5,,Pvt Ltd,never,27
city_67,0.855,Male,Has relevent experience,no_enrollment,Graduate,STEM,10,100-500,Pvt Ltd,1,57
city_160,0.92,,No relevent experience,no_enrollment,High School,,2,10000+,Pvt Ltd,1,153
city_46,0.762,,Has relevent experience,no_enrollment,Graduate,STEM,6,<10,Funded Startup,1,22
city_16,0.91,Male,Has relevent experience,no_enrollment,Graduate,STEM,>20,500-999,Pvt Ltd,>4,149
city_16,0.91,Male,Has relevent experience,no_enrollment,Graduate,STEM,>20,,,1,17
city_155,0.556,,No relevent experience,no_enrollment,Graduate,STEM,6,10/49,Public Sector,1,46
city_45,0.89,Male,Has relevent experience,no_enrollment,High School,,>20,<10,Early Stage Startup,2,148
city_21,0.624,Male,Has relevent experience,no_enrollment,Masters,STEM,3,50-99,Funded Startup,1,51
city_21,0.624,,No relevent experience,Full time course,Graduate,STEM,<1,10000+,Pvt Ltd,1,166
city_21,0.624,,Has relevent experience,Full time course,Graduate,STEM,5,10000+,Pvt Ltd,3,26
city_103,0.92,Male,Has relevent experience,no_enrollment,Graduate,Arts,5,1000-4999,Pvt Ltd,2,18
city_103,0.92,,No relevent experience,Full time course,Graduate,STEM,<1,,,2,336
city_103,0.92,Male,Has relevent experience,no_enrollment,Graduate,STEM,10,1000-4999,Pvt Ltd,1,314
city_114,0.926,Male,Has relevent experience,no_enrollment,Masters,STEM,>20,50-99,Pvt Ltd,>4,114
city_103,0.92,Female,Has relevent experience,no_enrollment,Graduate,STEM,6,50-99,Funded Startup,1,21
city_64,0.6659999999999999,Male,Has relevent experience,no_enrollment,Graduate,STEM,>20,100-500,Pvt Ltd,2,24
city_16,0.91,Male,Has relevent experience,no_enrollment,Masters,STEM,13,100-500,Pvt Ltd,2,328
city_21,0.624,Male,Has relevent experience,Full time course,Graduate,STEM,<1,10/49,Pvt Ltd,1,22
city_90,0.698,,Has relevent experience,Full time course,Graduate,STEM,9,,,1,53
city_21,0.624,Male,Has relevent experience,no_enrollment,Graduate,STEM,5,500-999,Pvt Ltd,>4,41
city_23,0.899,Male,Has relevent experience,no_enrollment,Graduate,STEM,>20,<10,Other,>4,18
city_83,0.923,Male,Has relevent experience,no_enrollment,Masters,STEM,19,10000+,Pvt Ltd,1,37
city_50,0.8959999999999999,,No relevent experience,no_enrollment,Graduate,STEM,>20,,,never,10
city_67,0.855,Female,Has relevent experience,Full time course,Graduate,STEM,8,50-99,Pvt Ltd,2,66
city_103,0.92,Male,Has relevent experience,no_enrollment,Graduate,No Major,2,<10,Funded Startup,2,35
city_11,0.55,Male,Has relevent experience,no_enrollment,Graduate,STEM,11,50-99,Pvt Ltd,1,40
city_16,0.91,Male,Has relevent experience,no_enrollment,Graduate,STEM,>20,,,>4,85
city_74,0.579,Male,No relevent experience,Part time course,High School,,3,,Pvt Ltd,never,65
city_67,0.855,,Has relevent experience,Part time course,Graduate,STEM,6,1000-4999,Pvt Ltd,never,39
city_11,0.55,Male,Has relevent experience,no_enrollment,Graduate,STEM,7,50-99,Pvt Ltd,2,18
city_55,0.7390000000000001,,No relevent experience,Full time course,Graduate,STEM,<1,,,,78
city_136,0.897,Male,No relevent experience,Full time course,Masters,STEM,6,1000-4999,Public Sector,never,83
city_114,0.926,Male,No relevent experience,no_enrollment,High School,,6,<10,Pvt Ltd,3,72
city_23,0.899,Male,Has relevent experience,no_enrollment,High School,,14,<10,Early Stage Startup,4,194
city_21,0.624,Male,Has relevent experience,Full time course,Graduate,STEM,3,10000+,Pvt Ltd,1,106
city_16,0.91,Male,Has relevent experience,no_enrollment,Graduate,STEM,>20,10000+,Pvt Ltd,>4,76
city_16,0.91,Male,No relevent experience,no_enrollment,Graduate,Humanities,8,50-99,Pvt Ltd,1,182
city_159,0.843,Male,Has relevent experience,no_enrollment,Graduate,STEM,5,10/49,Funded Startup,1,10
city_75,0.939,Male,No relevent experience,no_enrollment,Graduate,STEM,8,5000-9999,Pvt Ltd,>4,56
city_114,0.926,Male,No relevent experience,no_enrollment,Masters,STEM,>20,50-99,Public Sector,>4,15
city_16,0.91,Male,Has relevent experience,no_enrollment,Graduate,STEM,11,50-99,Pvt Ltd,>4,17
city_103,0.92,Other,No relevent experience,no_enrollment,Primary School,,8,,,1,29
city_91,0.691,,No relevent experience,no_enrollment,Graduate,Other,3,,,2,46
city_21,0.624,,No relevent experience,Full time course,High School,,2,,,,107
city_103,0.92,Male,Has relevent experience,no_enrollment,Graduate,STEM,3,10000+,Pvt Ltd,1,44
city_173,0.878,Male,Has relevent experience,Part time course,Primary School,,8,,,1,4
city_73,0.754,Male,Has relevent experience,no_enrollment,Masters,STEM,17,,Pvt Ltd,>4,52
city_64,0.6659999999999999,Male,Has relevent experience,no_enrollment,Graduate,STEM,5,,,1,31
city_83,0.923,,Has relevent experience,no_enrollment,Graduate,Other,>20,100-500,Pvt Ltd,>4,151
city_75,0.939,Male,Has relevent experience,no_enrollment,Graduate,STEM,9,100-500,Pvt Ltd,3,34
city_21,0.624,Male,Has relevent experience,Full time course,Phd,STEM,4,10/49,NGO,2,17
city_16,0.91,Female,No relevent experience,no_enrollment,Graduate,Business Degree,<1,1000-4999,Pvt Ltd,1,18
city_123,0.738,Male,No relevent experience,no_enrollment,Masters,STEM,14,,,1,78
city_41,0.8270000000000001,Male,Has relevent experience,Part time course,High School,,3,100-500,NGO,>4,116
city_40,0.7759999999999999,Male,Has relevent experience,no_enrollment,Graduate,Humanities,11,10/49,Pvt Ltd,2,50
city_21,0.624,,Has relevent experience,Full time course,Masters,STEM,5,,,never,24
city_103,0.92,,Has relevent experience,no_enrollment,,,5,50-99,Pvt Ltd,1,60
city_69,0.856,Male,Has relevent experience,Part time course,Graduate,STEM,3,50-99,Pvt Ltd,2,182
city_41,0.8270000000000001,Male,No relevent experience,no_enrollment,High School,,3,,,never,28
city_103,0.92,,Has relevent experience,no_enrollment,Graduate,No Major,8,,,1,58
city_21,0.624,Male,Has relevent experience,no_enrollment,Graduate,STEM,<1,100-500,Pvt Ltd,1,75
city_75,0.939,Male,No relevent experience,Part time course,High School,,3,,Public Sector,2,57
city_83,0.923,,Has relevent experience,no_enrollment,Graduate,STEM,5,,,>4,15
city_160,0.92,,No relevent experience,no_enrollment,High School,,1,,,,78
city_23,0.899,Male,Has relevent experience,no_enrollment,Graduate,STEM,18,<10,Funded Startup,1,112
city_103,0.92,Male,Has relevent experience,no_enrollment,Graduate,STEM,13,1000-4999,NGO,1,15
city_94,0.698,Male,Has relevent experience,no_enrollment,Graduate,STEM,19,,,1,9
city_16,0.91,Male,No relevent experience,Full time course,Masters,STEM,>20,,,2,10
city_160,0.92,Male,Has relevent experience,no_enrollment,Graduate,STEM,7,10/49,Pvt Ltd,2,160
city_142,0.727,Male,Has relevent experience,Full time course,Graduate,STEM,4,100-500,Public Sector,1,31
city_103,0.92,Male,Has relevent experience,no_enrollment,Graduate,Arts,14,10000+,,2,94
city_71,0.884,,Has relevent experience,no_enrollment,Masters,STEM,11,,,1,111
city_118,0.722,,No relevent experience,no_enrollment,Masters,STEM,12,,,>4,98
city_123,0.738,,Has relevent experience,Full time course,Graduate,Other,1,5000-9999,Pvt Ltd,1,90
city_114,0.926,Male,Has relevent experience,no_enrollment,High School,,2,50-99,Pvt Ltd,2,8
city_27,0.848,,No relevent experience,,Graduate,STEM,4,50-99,Pvt Ltd,3,58
city_159,0.843,,No relevent experience,no_enrollment,Graduate,STEM,14,10/49,Public Sector,4,122
city_102,0.804,Male,Has relevent experience,no_enrollment,Phd,STEM,19,,,never,11
city_103,0.92,Male,Has relevent experience,no_enrollment,High School,,15,50-99,Pvt Ltd,1,23
city_103,0.92,Male,Has relevent experience,no_enrollment,Graduate,STEM,11,50-99,Pvt Ltd,3,17
city_21,0.624,,Has relevent experience,no_enrollment,Graduate,STEM,2,100-500,Pvt Ltd,1,100
city_160,0.92,Male,Has relevent experience,no_enrollment,Graduate,STEM,9,100-500,Funded Startup,2,24
city_160,0.92,Male,Has relevent experience,Full time course,Graduate,STEM,3,5000-9999,Pvt Ltd,1,114
city_114,0.926,,Has relevent experience,no_enrollment,Graduate,STEM,>20,,,4,15
city_103,0.92,Male,Has relevent experience,no_enrollment,Graduate,STEM,>20,,,>4,92
city_11,0.55,,Has relevent experience,Full time course,Masters,STEM,1,50-99,Pvt Ltd,1,4
city_103,0.92,Male,Has relevent experience,no_enrollment,Graduate,Business Degree,>20,50-99,NGO,3,48
city_21,0.624,,No relevent experience,Full time course,Graduate,STEM,3,,,,9
city_160,0.92,Male,Has relevent experience,no_enrollment,Graduate,STEM,10,100-500,Pvt Ltd,4,117
city_160,0.92,,Has relevent experience,no_enrollment,Graduate,Humanities,2,10000+,Public Sector,1,38
city_16,0.91,Male,Has relevent experience,no_enrollment,Graduate,STEM,17,100-500,Pvt Ltd,>4,20
city_103,0.92,Male,Has relevent experience,no_enrollment,Graduate,STEM,11,10/49,Funded Startup,1,84
city_103,0.92,Female,Has relevent experience,no_enrollment,Masters,STEM,19,<10,Pvt Ltd,1,108
city_160,0.92,Male,Has relevent experience,no_enrollment,Masters,STEM,14,100-500,Pvt Ltd,1,172
city_21,0.624,Male,Has relevent experience,no_enrollment,Graduate,STEM,20,10/49,Pvt Ltd,2,9
city_105,0.794,Male,No relevent experience,no_enrollment,High School,,4,,,,288
city_16,0.91,,No relevent experience,no_enrollment,Graduate,STEM,2,,,never,50
city_16,0.91,Male,Has relevent experience,no_enrollment,Phd,STEM,>20,100-500,Pvt Ltd,2,20
city_46,0.762,Male,Has relevent experience,no_enrollment,Graduate,STEM,9,100-500,Funded Startup,1,100
city_16,0.91,Male,Has relevent experience,no_enrollment,Graduate,Arts,11,50-99,Pvt Ltd,>4,28
city_103,0.92,Male,Has relevent experience,no_enrollment,Graduate,STEM,17,50-99,Funded Startup,4,11
city_21,0.624,Female,Has relevent experience,,Graduate,STEM,3,100-500,Pvt Ltd,1,52
city_103,0.92,Male,No relevent experience,no_enrollment,Graduate,STEM,15,1000-4999,Pvt Ltd,1,16
city_103,0.92,Male,No relevent experience,no_enrollment,Graduate,Other,3,10/49,Pvt Ltd,>4,17
city_114,0.926,Male,Has relevent experience,no_enrollment,Graduate,STEM,4,10000+,Pvt Ltd,1,19
city_74,0.579,Male,No relevent experience,Full time course,High School,,3,<10,Early Stage Startup,2,9
city_21,0.624,Male,No relevent experience,no_enrollment,Graduate,STEM,1,10/49,,1,29
city_21,0.624,Male,No relevent experience,no_enrollment,Graduate,STEM,7,100-500,Pvt Ltd,>4,84
city_16,0.91,Male,No relevent experience,no_enrollment,Masters,STEM,15,10000+,Pvt Ltd,>4,20
city_16,0.91,Male,Has relevent experience,no_enrollment,Graduate,STEM,20,50-99,Pvt Ltd,1,103
city_16,0.91,Male,Has relevent experience,no_enrollment,Masters,STEM,14,50-99,Pvt Ltd,1,56
city_160,0.92,,No relevent experience,no_enrollment,Phd,STEM,19,100-500,Pvt Ltd,>4,152
city_16,0.91,Female,No relevent experience,,Graduate,STEM,14,,,never,80
city_103,0.92,Male,Has relevent experience,no_enrollment,Masters,STEM,15,10/49,Funded Startup,1,90
city_103,0.92,Male,Has relevent experience,no_enrollment,Graduate,STEM,>20,100-500,Pvt Ltd,>4,21
city_136,0.897,Male,No relevent experience,Full time course,Masters,STEM,5,,,4,288
city_114,0.926,Male,Has relevent experience,no_enrollment,Graduate,STEM,19,500-999,Pvt Ltd,3,24
city_21,0.624,Male,Has relevent experience,no_enrollment,Graduate,STEM,13,,,never,34
city_71,0.884,,Has relevent experience,Part time course,Masters,STEM,6,10/49,Early Stage Startup,1,70
city_67,0.855,Male,Has relevent experience,Full time course,Graduate,STEM,5,10/49,Pvt Ltd,1,240
city_72,0.795,,Has relevent experience,,Graduate,STEM,10,,Pvt Ltd,never,54
city_114,0.926,Male,Has relevent experience,Full time course,Graduate,STEM,7,10000+,Pvt Ltd,1,2
city_11,0.55,,No relevent experience,Full time course,Masters,STEM,1,<10,Pvt Ltd,1,42
city_103,0.92,,Has relevent experience,no_enrollment,Masters,Business Degree,>20,100-500,Public Sector,>4,40
city_103,0.92,Male,Has relevent experience,no_enrollment,Graduate,STEM,>20,,,>4,226
city_74,0.579,,No relevent experience,no_enrollment,Graduate,STEM,3,50-99,Funded Startup,never,97
city_50,0.8959999999999999,Male,No relevent experience,no_enrollment,Masters,STEM,4,100-500,,1,32
city_16,0.91,Male,Has relevent experience,no_enrollment,Masters,STEM,>20,10000+,Pvt Ltd,never,29
city_136,0.897,,No relevent experience,no_enrollment,High School,,4,,,3,17
city_90,0.698,Male,Has relevent experience,Full time course,Masters,,,,,,44
city_149,0.6890000000000001,Male,Has relevent experience,Full time course,Masters,STEM,19,<10,Funded Startup,1,54
city_114,0.926,Male,No relevent experience,Full time course,Graduate,STEM,9,,Pvt Ltd,never,31
city_16,0.91,,Has relevent experience,no_enrollment,Masters,STEM,10,10000+,Pvt Ltd,1,18
city_142,0.727,Male,Has relevent experience,no_enrollment,Masters,STEM,8,,,1,33
city_103,0.92,Male,Has relevent experience,no_enrollment,Graduate,Humanities,3,50-99,Other,2,20
city_70,0.698,,Has relevent experience,no_enrollment,Graduate,STEM,15,,,2,44
city_114,0.926,Male,No relevent experience,no_enrollment,Masters,STEM,3,100-500,Pvt Ltd,1,46
city_103,0.92,,Has relevent experience,no_enrollment,Graduate,STEM,>20,50-99,Pvt Ltd,>4,51
city_21,0.624,,Has relevent experience,no_enrollment,Masters,STEM,<1,,,>4,35
city_103,0.92,Male,Has relevent experience,no_enrollment,Masters,Arts,17,10000+,Pvt Ltd,>4,43
city_21,0.624,Female,Has relevent experience,Full time course,Graduate,STEM,2,<10,Early Stage Startup,2,89
city_21,0.624,Male,Has relevent experience,no_enrollment,Graduate,STEM,5,10/49,Pvt Ltd,never,24
city_103,0.92,Male,Has relevent experience,no_enrollment,Primary School,,12,,,1,70
city_102,0.804,Female,Has relevent experience,no_enrollment,Masters,STEM,10,,Pvt Ltd,2,24
city_103,0.92,,Has relevent experience,no_enrollment,Graduate,STEM,9,1000-4999,Pvt Ltd,>4,99
city_21,0.624,Male,Has relevent experience,no_enrollment,Masters,STEM,4,10000+,Pvt Ltd,2,164
city_11,0.55,Male,No relevent experience,Full time course,Graduate,STEM,5,10/49,,1,102
city_160,0.92,Male,Has relevent experience,no_enrollment,Masters,STEM,>20,50-99,NGO,>4,13
city_103,0.92,Male,Has relevent experience,no_enrollment,Graduate,STEM,19,50-99,Pvt Ltd,>4,19
city_103,0.92,,No relevent experience,no_enrollment,Masters,STEM,>20,10000+,Pvt Ltd,>4,91
city_160,0.92,Male,No relevent experience,no_enrollment,Graduate,Other,15,,,1,72
city_103,0.92,Male,Has relevent experience,no_enrollment,Graduate,STEM,2,,,never,4
city_160,0.92,,No relevent experience,Full time course,Graduate,STEM,4,,,1,76
city_16,0.91,,No relevent experience,,Graduate,STEM,5,,,never,88
city_16,0.91,Male,Has relevent experience,no_enrollment,Phd,STEM,>20,,,1,49
city_138,0.836,,Has relevent experience,no_enrollment,,,20,,,1,105
city_67,0.855,Male,No relevent experience,Full time course,High School,,<1,,,never,6
city_10,0.895,Male,Has relevent experience,no_enrollment,Graduate,Other,15,10/49,Pvt Ltd,never,164
city_7,0.647,Female,No relevent experience,Full time course,Graduate,STEM,2,,,never,55
city_103,0.92,Male,Has relevent experience,no_enrollment,Graduate,STEM,17,100-500,Pvt Ltd,2,4
city_21,0.624,Male,Has relevent experience,no_enrollment,Masters,STEM,3,50-99,Early Stage Startup,1,144
city_160,0.92,,No relevent experience,Full time course,High School,,2,100-500,Pvt Ltd,1,142
city_100,0.887,Male,Has relevent experience,no_enrollment,Masters,STEM,7,10/49,,2,9
city_21,0.624,,No relevent experience,,Graduate,STEM,,<10,,,36
city_16,0.91,Male,Has relevent experience,no_enrollment,Masters,STEM,>20,1000-4999,Pvt Ltd,3,24
city_114,0.926,Male,Has relevent experience,Full time course,Graduate,STEM,9,<10,Pvt Ltd,1,21
city_103,0.92,Male,Has relevent experience,no_enrollment,Graduate,STEM,7,10000+,Pvt Ltd,1,107
city_21,0.624,,Has relevent experience,no_enrollment,Graduate,STEM,4,50-99,Pvt Ltd,1,23
city_145,0.555,,Has relevent experience,no_enrollment,,,3,50-99,Pvt Ltd,2,5
city_73,0.754,Male,Has relevent experience,no_enrollment,Graduate,Other,>20,,,4,46
city_103,0.92,,Has relevent experience,no_enrollment,Graduate,STEM,5,500-999,,1,140
city_114,0.926,,Has relevent experience,no_enrollment,Masters,STEM,8,100-500,Pvt Ltd,4,53
city_136,0.897,Female,Has relevent experience,no_enrollment,Graduate,STEM,9,50-99,Pvt Ltd,1,79
city_73,0.754,,Has relevent experience,Full time course,Masters,STEM,1,50-99,Pvt Ltd,1,46
city_131,0.68,Male,Has relevent experience,no_enrollment,Graduate,STEM,4,100-500,Pvt Ltd,2,45
city_90,0.698,Male,Has relevent experience,no_enrollment,Graduate,STEM,2,,Pvt Ltd,1,10
city_179,0.512,Male,Has relevent experience,no_enrollment,Graduate,STEM,13,50-99,Pvt Ltd,1,51
city_11,0.55,,Has relevent experience,no_enrollment,Graduate,STEM,7,50-99,Pvt Ltd,1,81
city_162,0.767,Male,Has relevent experience,no_enrollment,Graduate,STEM,20,10000+,Pvt Ltd,>4,34
city_128,0.527,,No relevent experience,no_enrollment,,,2,,,1,148
city_103,0.92,Male,Has relevent experience,Full time course,Graduate,STEM,16,10/49,Pvt Ltd,1,46
city_16,0.91,Male,Has relevent experience,no_enrollment,Graduate,STEM,>20,,,2,18
city_83,0.923,,No relevent experience,Full time course,High School,,4,,,,55
city_46,0.762,Male,Has relevent experience,no_enrollment,Masters,STEM,4,,Pvt Ltd,3,34
city_103,0.92,Female,Has relevent experience,no_enrollment,Masters,Arts,10,10000+,Public Sector,1,34
city_103,0.92,,Has relevent experience,no_enrollment,Graduate,STEM,7,,Public Sector,,11
city_128,0.527,Male,Has relevent experience,no_enrollment,Graduate,STEM,7,500-999,Pvt Ltd,1,67
city_73,0.754,Male,Has relevent experience,no_enrollment,Graduate,STEM,19,1000-4999,Pvt Ltd,>4,15
city_103,0.92,Male,Has relevent experience,no_enrollment,Graduate,STEM,>20,10000+,Pvt Ltd,2,102
city_11,0.55,Male,Has relevent experience,Full time course,Masters,STEM,>20,,,>4,128
city_64,0.6659999999999999,Male,Has relevent experience,no_enrollment,High School,,19,<10,Pvt Ltd,1,26
city_16,0.91,Male,Has relevent experience,no_enrollment,Graduate,STEM,>20,10000+,Pvt Ltd,2,9
city_103,0.92,Male,Has relevent experience,no_enrollment,Graduate,STEM,10,5000-9999,Pvt Ltd,1,118
city_81,0.73,Male,No relevent experience,no_enrollment,Graduate,STEM,6,10/49,NGO,1,87
city_67,0.855,Male,Has relevent experience,Full time course,Graduate,STEM,9,100-500,Funded Startup,1,36
city_11,0.55,,Has relevent experience,no_enrollment,Graduate,STEM,5,50-99,Pvt Ltd,1,6
city_103,0.92,Male,Has relevent experience,no_enrollment,Graduate,STEM,10,10/49,Pvt Ltd,2,16
city_57,0.866,,Has relevent experience,no_enrollment,Graduate,STEM,14,50-99,Pvt Ltd,>4,66
city_21,0.624,Male,Has relevent experience,no_enrollment,Graduate,STEM,>20,50-99,Pvt Ltd,>4,52
city_21,0.624,Male,Has relevent experience,no_enrollment,Graduate,Business Degree,3,100-500,NGO,1,13
city_160,0.92,Male,Has relevent experience,no_enrollment,Graduate,STEM,13,10/49,Pvt Ltd,>4,34
city_103,0.92,Female,Has relevent experience,Part time course,Graduate,STEM,15,10000+,Other,>4,65
city_136,0.897,Male,Has relevent experience,no_enrollment,Masters,STEM,16,,,4,76
city_21,0.624,Male,No relevent experience,Full time course,Graduate,STEM,6,50-99,Pvt Ltd,1,42
city_27,0.848,,No relevent experience,no_enrollment,Graduate,STEM,15,<10,Pvt Ltd,1,60
city_16,0.91,Male,Has relevent experience,no_enrollment,Masters,STEM,>20,<10,Pvt Ltd,>4,23
city_103,0.92,Male,Has relevent experience,no_enrollment,Masters,STEM,>20,10000+,Pvt Ltd,>4,3
city_80,0.847,Male,No relevent experience,Part time course,Graduate,STEM,9,500-999,Pvt Ltd,>4,29
city_21,0.624,,Has relevent experience,Full time course,Graduate,STEM,10,50-99,Pvt Ltd,,40
city_103,0.92,Female,No relevent experience,Full time course,Graduate,STEM,4,,,never,38
city_103,0.92,Male,Has relevent experience,no_enrollment,Masters,STEM,>20,5000-9999,Pvt Ltd,>4,36
city_103,0.92,Male,Has relevent experience,no_enrollment,Masters,STEM,>20,1000-4999,Other,>4,161
city_102,0.804,,Has relevent experience,Part time course,Graduate,STEM,5,100-500,NGO,1,326
city_21,0.624,Male,No relevent experience,,Graduate,STEM,6,500-999,,1,99
city_21,0.624,Female,No relevent experience,Full time course,Graduate,STEM,5,,,never,15
city_162,0.767,,No relevent experience,Full time course,Graduate,STEM,3,100-500,Pvt Ltd,never,4
city_77,0.83,Male,Has relevent experience,no_enrollment,High School,,5,50-99,Pvt Ltd,never,162
city_103,0.92,Male,Has relevent experience,Full time course,Graduate,STEM,7,,,3,66
city_103,0.92,,No relevent experience,no_enrollment,Masters,STEM,14,5000-9999,Public Sector,>4,66
city_24,0.698,Male,Has relevent experience,no_enrollment,High School,,7,,,1,27
city_21,0.624,Female,Has relevent experience,Full time course,Graduate,STEM,2,10/49,Pvt Ltd,1,4
city_61,0.913,Male,Has relevent experience,no_enrollment,Phd,STEM,>20,50-99,Funded Startup,4,72
city_114,0.926,Male,Has relevent experience,no_enrollment,Graduate,STEM,6,50-99,Pvt Ltd,1,240
city_16,0.91,Male,Has relevent experience,Part time course,Graduate,STEM,11,10/49,Funded Startup,1,23
city_21,0.624,,Has relevent experience,Full time course,Graduate,STEM,<1,50-99,,2,36
city_158,0.7659999999999999,,Has relevent experience,no_enrollment,Graduate,STEM,15,50-99,Pvt Ltd,>4,97
city_57,0.866,Male,Has relevent experience,no_enrollment,Graduate,STEM,16,<10,Early Stage Startup,1,58
city_19,0.682,Female,Has relevent experience,Full time course,Graduate,STEM,3,,,2,101
city_61,0.913,Male,Has relevent experience,Part time course,Graduate,STEM,10,100-500,NGO,1,16
city_103,0.92,Male,Has relevent experience,no_enrollment,Graduate,STEM,7,10000+,Pvt Ltd,never,31
city_160,0.92,Female,Has relevent experience,no_enrollment,Graduate,STEM,4,10000+,Pvt Ltd,never,17
city_103,0.92,,Has relevent experience,no_enrollment,Graduate,STEM,9,500-999,Funded Startup,1,304
city_21,0.624,Other,No relevent experience,no_enrollment,Graduate,STEM,4,,,never,190
city_21,0.624,,Has relevent experience,Full time course,Masters,STEM,7,500-999,Pvt Ltd,1,35
city_21,0.624,,Has relevent experience,no_enrollment,Masters,STEM,>20,10000+,Public Sector,>4,20
city_21,0.624,,Has relevent experience,Full time course,,,3,100-500,Pvt Ltd,3,107
city_21,0.624,Male,Has relevent experience,no_enrollment,Graduate,STEM,8,100-500,Pvt Ltd,2,47
city_103,0.92,,Has relevent experience,no_enrollment,Masters,STEM,>20,50-99,NGO,4,22
city_144,0.84,Male,Has relevent experience,no_enrollment,Graduate,STEM,8,<10,Pvt Ltd,1,9
city_100,0.887,Male,Has relevent experience,no_enrollment,Masters,STEM,17,50-99,Pvt Ltd,>4,14
city_114,0.926,Male,Has relevent experience,no_enrollment,Masters,STEM,>20,,,>4,40
city_143,0.74,Male,Has relevent experience,no_enrollment,Graduate,STEM,11,50-99,Pvt Ltd,1,58
city_21,0.624,Male,Has relevent experience,no_enrollment,Graduate,STEM,<1,1000-4999,Pvt Ltd,1,59
city_33,0.4479999999999999,,No relevent experience,,High School,,5,,Pvt Ltd,never,86
city_160,0.92,,No relevent experience,Full time course,Graduate,STEM,5,,,1,117
city_103,0.92,Female,Has relevent experience,no_enrollment,Graduate,STEM,10,10/49,Funded Startup,1,144
city_103,0.92,,No relevent experience,Full time course,Graduate,STEM,10,,Public Sector,never,45
city_103,0.92,Male,Has relevent experience,no_enrollment,Graduate,STEM,>20,10/49,Pvt Ltd,>4,8
city_160,0.92,Male,No relevent experience,no_enrollment,High School,,3,,,never,34
city_75,0.939,Female,Has relevent experience,no_enrollment,Masters,STEM,>20,1000-4999,,1,56
city_136,0.897,Male,Has relevent experience,no_enrollment,Graduate,STEM,18,500-999,Pvt Ltd,>4,23
city_21,0.624,,Has relevent experience,no_enrollment,Graduate,STEM,18,,,2,25
city_103,0.92,,Has relevent experience,no_enrollment,Masters,STEM,>20,,,>4,20
city_103,0.92,Male,No relevent experience,Full time course,Masters,STEM,>20,1000-4999,Public Sector,never,29
city_103,0.92,,No relevent experience,no_enrollment,Graduate,STEM,5,10000+,Pvt Ltd,1,256
city_21,0.624,Male,No relevent experience,Full time course,Graduate,STEM,2,,,1,222
city_28,0.939,Male,Has relevent experience,no_enrollment,High School,,6,10/49,Pvt Ltd,1,134
city_21,0.624,Male,Has relevent experience,no_enrollment,Graduate,STEM,10,1000-4999,Pvt Ltd,2,14
city_16,0.91,,Has relevent experience,no_enrollment,Masters,STEM,14,1000-4999,,,47
city_103,0.92,Male,No relevent experience,Full time course,Masters,STEM,9,,,>4,36
city_71,0.884,,Has relevent experience,no_enrollment,Graduate,STEM,>20,,,>4,53
city_73,0.754,Female,Has relevent experience,Full time course,Masters,STEM,15,100-500,,2,32
city_103,0.92,,No relevent experience,Full time course,Graduate,STEM,7,,,never,36
city_89,0.925,Male,Has relevent experience,no_enrollment,Graduate,STEM,>20,10000+,Pvt Ltd,1,4
city_16,0.91,Male,Has relevent experience,no_enrollment,Masters,STEM,>20,1000-4999,Pvt Ltd,1,29
city_114,0.926,Female,Has relevent experience,no_enrollment,Graduate,STEM,10,10000+,Pvt Ltd,>4,100
city_73,0.754,,Has relevent experience,no_enrollment,Masters,,,50-99,Pvt Ltd,,5
city_21,0.624,Female,Has relevent experience,Full time course,Masters,STEM,8,500-999,Pvt Ltd,2,69
city_102,0.804,Male,Has relevent experience,no_enrollment,Graduate,STEM,4,,,1,88
city_103,0.92,Male,Has relevent experience,no_enrollment,Graduate,STEM,5,10000+,Pvt Ltd,1,184
city_103,0.92,Male,Has relevent experience,no_enrollment,Graduate,STEM,16,,,>4,10
city_160,0.92,Male,No relevent experience,no_enrollment,Graduate,STEM,16,<10,Pvt Ltd,>4,39
city_103,0.92,Male,Has relevent experience,no_enrollment,Graduate,STEM,11,,,3,62
city_98,0.949,,No relevent experience,no_enrollment,Masters,STEM,4,500-999,,never,53
city_103,0.92,Male,Has relevent experience,no_enrollment,Graduate,STEM,17,50-99,Pvt Ltd,4,165
city_71,0.884,Male,Has relevent experience,no_enrollment,Graduate,STEM,7,<10,Funded Startup,1,200
city_90,0.698,,Has relevent experience,Full time course,Graduate,STEM,14,<10,Pvt Ltd,1,12
city_19,0.682,Other,No relevent experience,Full time course,Graduate,Other,13,,,2,42
city_57,0.866,Male,Has relevent experience,Part time course,High School,,4,50-99,Pvt Ltd,1,69
city_11,0.55,Male,Has relevent experience,no_enrollment,Graduate,STEM,5,50-99,Pvt Ltd,1,24
city_21,0.624,Male,Has relevent experience,Full time course,Graduate,STEM,2,100-500,Pvt Ltd,1,222
city_114,0.926,Male,No relevent experience,no_enrollment,Graduate,STEM,10,50-99,Pvt Ltd,3,150
city_103,0.92,Female,No relevent experience,no_enrollment,Graduate,Humanities,2,500-999,,1,10
city_103,0.92,Female,No relevent experience,Full time course,Graduate,STEM,9,,,never,40
city_16,0.91,,Has relevent experience,no_enrollment,Graduate,STEM,12,100-500,Pvt Ltd,1,202
city_103,0.92,,Has relevent experience,no_enrollment,Graduate,STEM,5,50-99,Early Stage Startup,1,31
city_103,0.92,Male,Has relevent experience,no_enrollment,Graduate,STEM,>20,50-99,Funded Startup,1,143
city_159,0.843,Male,No relevent experience,no_enrollment,Phd,STEM,>20,5000-9999,Public Sector,>4,42
city_42,0.563,,Has relevent experience,no_enrollment,,,>20,,,>4,128
city_46,0.762,Male,No relevent experience,,High School,,2,,,never,69
city_104,0.924,,No relevent experience,Full time course,Graduate,STEM,4,,,,43
city_21,0.624,Male,No relevent experience,Full time course,Graduate,STEM,2,<10,Pvt Ltd,1,46
city_115,0.789,,No relevent experience,no_enrollment,Masters,STEM,10,50-99,Pvt Ltd,4,79
city_28,0.939,Male,Has relevent experience,Part time course,Masters,STEM,15,<10,Pvt Ltd,1,31
city_104,0.924,Male,Has relevent experience,no_enrollment,High School,,>20,1000-4999,Pvt Ltd,2,83
city_73,0.754,Male,Has relevent experience,no_enrollment,Graduate,STEM,>20,10000+,Pvt Ltd,>4,6
city_21,0.624,,Has relevent experience,Full time course,Masters,STEM,6,1000-4999,Pvt Ltd,4,35
city_102,0.804,Male,No relevent experience,no_enrollment,Primary School,,6,,Pvt Ltd,never,9
city_103,0.92,Female,Has relevent experience,no_enrollment,Graduate,STEM,>20,50-99,Pvt Ltd,>4,83
city_144,0.84,Male,Has relevent experience,no_enrollment,Graduate,STEM,6,50-99,Funded Startup,1,94
city_100,0.887,Male,Has relevent experience,no_enrollment,High School,,4,50-99,Pvt Ltd,1,11
city_136,0.897,Male,No relevent experience,no_enrollment,Masters,STEM,5,5000-9999,,1,45
city_41,0.8270000000000001,Male,Has relevent experience,no_enrollment,Masters,STEM,15,1000-4999,,1,83
city_167,0.921,Male,No relevent experience,Full time course,Graduate,STEM,3,,,1,76
city_41,0.8270000000000001,Male,Has relevent experience,,Graduate,Other,2,10/49,,never,107
city_114,0.926,Male,Has relevent experience,no_enrollment,Masters,STEM,>20,10/49,Pvt Ltd,>4,27
city_103,0.92,Female,Has relevent experience,no_enrollment,Masters,STEM,>20,,Pvt Ltd,2,12
city_74,0.579,Male,No relevent experience,Full time course,High School,,3,,Pvt Ltd,never,78
city_23,0.899,Male,Has relevent experience,no_enrollment,Graduate,STEM,8,50-99,Funded Startup,1,61
city_16,0.91,Male,Has relevent experience,no_enrollment,Masters,STEM,>20,50-99,Pvt Ltd,>4,82
city_136,0.897,Male,Has relevent experience,no_enrollment,Masters,Other,12,50-99,Funded Startup,1,256
city_36,0.893,Male,Has relevent experience,no_enrollment,Graduate,STEM,6,100-500,Pvt Ltd,never,88
city_21,0.624,Male,Has relevent experience,no_enrollment,Graduate,STEM,11,100-500,Pvt Ltd,1,10
city_103,0.92,,Has relevent experience,no_enrollment,Graduate,STEM,6,500-999,Pvt Ltd,2,55
city_97,0.925,Male,Has relevent experience,no_enrollment,Masters,Humanities,>20,10000+,Pvt Ltd,1,40
city_114,0.926,Male,Has relevent experience,no_enrollment,Masters,STEM,>20,1000-4999,Pvt Ltd,2,59
city_75,0.939,Male,No relevent experience,no_enrollment,,,5,,,never,58
city_103,0.92,Male,Has relevent experience,no_enrollment,Graduate,STEM,10,1000-4999,NGO,>4,12
city_21,0.624,Male,Has relevent experience,no_enrollment,Graduate,STEM,3,500-999,Pvt Ltd,1,20
city_160,0.92,Male,No relevent experience,no_enrollment,Graduate,STEM,>20,,,>4,23
city_21,0.624,Male,No relevent experience,no_enrollment,Graduate,STEM,7,5000-9999,Pvt Ltd,2,38
city_103,0.92,Female,Has relevent experience,no_enrollment,Graduate,STEM,8,50-99,Early Stage Startup,1,48
city_16,0.91,Male,Has relevent experience,no_enrollment,Graduate,STEM,2,1000-4999,Pvt Ltd,1,50
city_21,0.624,Male,No relevent experience,Full time course,High School,,5,,,2,64
city_21,0.624,Male,No relevent experience,no_enrollment,Graduate,STEM,2,<10,Pvt Ltd,2,34
city_160,0.92,Male,No relevent experience,Full time course,High School,,2,50-99,,never,25
city_21,0.624,,No relevent experience,Full time course,High School,,4,<10,Early Stage Startup,,4
city_159,0.843,Male,No relevent experience,no_enrollment,Masters,Humanities,6,10000+,Pvt Ltd,2,332
city_21,0.624,Male,Has relevent experience,no_enrollment,Graduate,STEM,4,50-99,Pvt Ltd,3,8
city_21,0.624,,Has relevent experience,no_enrollment,Graduate,STEM,4,50-99,Pvt Ltd,1,40
city_67,0.855,,Has relevent experience,no_enrollment,Masters,STEM,6,1000-4999,Pvt Ltd,2,6
city_90,0.698,,Has relevent experience,no_enrollment,,,,,,>4,118
city_16,0.91,Male,No relevent experience,Full time course,Masters,STEM,4,,,1,33
city_10,0.895,Other,No relevent experience,Full time course,Masters,STEM,3,,,2,105
city_149,0.6890000000000001,,Has relevent experience,no_enrollment,Graduate,STEM,19,,Pvt Ltd,never,95
city_67,0.855,,Has relevent experience,no_enrollment,Masters,STEM,>20,50-99,Pvt Ltd,>4,7
city_103,0.92,,Has relevent experience,no_enrollment,Graduate,STEM,>20,10/49,Pvt Ltd,1,41
city_160,0.92,Male,Has relevent experience,no_enrollment,Graduate,STEM,6,50-99,,3,85
city_16,0.91,Male,No relevent experience,no_enrollment,Masters,STEM,3,100-500,Pvt Ltd,1,94
city_16,0.91,Male,Has relevent experience,no_enrollment,Graduate,Arts,<1,50-99,NGO,1,13
city_93,0.865,,Has relevent experience,Full time course,Graduate,STEM,4,10000+,Pvt Ltd,1,121
city_128,0.527,,No relevent experience,no_enrollment,Graduate,Other,4,,,1,79
city_103,0.92,Male,Has relevent experience,no_enrollment,Graduate,STEM,6,100-500,Pvt Ltd,1,131
city_16,0.91,Male,Has relevent experience,no_enrollment,Graduate,STEM,>20,500-999,Pvt Ltd,>4,48
city_71,0.884,,Has relevent experience,no_enrollment,Masters,Humanities,2,5000-9999,Pvt Ltd,1,26
city_83,0.923,Male,Has relevent experience,no_enrollment,Masters,STEM,9,10000+,Pvt Ltd,4,170
city_103,0.92,Male,Has relevent experience,no_enrollment,Graduate,Arts,5,,,never,101
city_21,0.624,Male,Has relevent experience,no_enrollment,Graduate,STEM,3,1000-4999,Pvt Ltd,2,138
city_103,0.92,Male,No relevent experience,,High School,,1,,,never,61
city_114,0.926,,No relevent experience,no_enrollment,Masters,STEM,8,10000+,Pvt Ltd,1,18
city_136,0.897,Male,No relevent experience,no_enrollment,Masters,STEM,7,10/49,Early Stage Startup,1,24
city_103,0.92,,Has relevent experience,no_enrollment,Masters,STEM,13,10000+,Pvt Ltd,,90
city_160,0.92,Male,Has relevent experience,no_enrollment,Graduate,STEM,16,,,1,7
city_97,0.925,Male,Has relevent experience,Full time course,Graduate,STEM,17,100-500,Pvt Ltd,1,48
city_103,0.92,Male,No relevent experience,Part time course,High School,,5,,,1,96
city_16,0.91,Male,Has relevent experience,Full time course,Masters,STEM,3,10000+,NGO,1,12
city_150,0.698,,No relevent experience,Full time course,High School,,2,,,,15
city_16,0.91,Male,Has relevent experience,no_enrollment,Graduate,STEM,>20,,,>4,15
city_103,0.92,Male,Has relevent experience,no_enrollment,Graduate,STEM,>20,1000-4999,Pvt Ltd,2,27
city_103,0.92,Male,Has relevent experience,no_enrollment,Masters,STEM,10,10000+,Pvt Ltd,>4,23
city_73,0.754,Male,Has relevent experience,no_enrollment,Graduate,STEM,12,,,2,100
city_21,0.624,Male,Has relevent experience,no_enrollment,Graduate,STEM,6,10000+,Pvt Ltd,4,49
city_7,0.647,,No relevent experience,no_enrollment,Graduate,STEM,1,,,never,33
city_103,0.92,,Has relevent experience,Part time course,Graduate,STEM,3,,,,30
city_127,0.745,,No relevent experience,Full time course,High School,,3,,,never,18
city_160,0.92,Male,Has relevent experience,Full time course,Graduate,STEM,11,,,1,33
city_83,0.923,Male,Has relevent experience,no_enrollment,Graduate,STEM,4,,,1,316
city_90,0.698,,No relevent experience,no_enrollment,Graduate,STEM,3,,,1,96
city_91,0.691,,No relevent experience,Full time course,Graduate,STEM,2,,,1,310
city_71,0.884,Male,Has relevent experience,no_enrollment,Graduate,STEM,8,100-500,Public Sector,3,52
city_103,0.92,Male,Has relevent experience,no_enrollment,Graduate,STEM,11,100-500,Pvt Ltd,>4,77
city_21,0.624,Male,Has relevent experience,no_enrollment,Graduate,STEM,11,50-99,Pvt Ltd,1,4
city_21,0.624,Male,No relevent experience,no_enrollment,High School,,3,,,never,9
city_21,0.624,Male,No relevent experience,Full time course,Graduate,STEM,5,,,never,34
city_114,0.926,,No relevent experience,Part time course,Graduate,STEM,13,500-999,Pvt Ltd,>4,36
city_50,0.8959999999999999,Male,No relevent experience,no_enrollment,Masters,STEM,5,50-99,Public Sector,1,95
city_70,0.698,Male,Has relevent experience,Full time course,Graduate,STEM,<1,,,2,26
city_103,0.92,Male,Has relevent experience,Full time course,Graduate,STEM,10,500-999,Funded Startup,2,21
city_103,0.92,Male,Has relevent experience,no_enrollment,Graduate,STEM,5,10000+,Pvt Ltd,1,20
city_104,0.924,Male,Has relevent experience,no_enrollment,Graduate,STEM,>20,50-99,Pvt Ltd,3,152
city_103,0.92,,No relevent experience,Full time course,Graduate,STEM,3,50-99,Pvt Ltd,2,218
city_21,0.624,Male,No relevent experience,Full time course,High School,,2,,,never,18
city_77,0.83,Male,No relevent experience,Full time course,Primary School,,8,,Pvt Ltd,never,10
city_75,0.939,Male,No relevent experience,no_enrollment,High School,,19,,,>4,56
city_21,0.624,Male,Has relevent experience,Full time course,High School,,3,,Pvt Ltd,never,53
city_103,0.92,,No relevent experience,Full time course,High School,,4,,,3,75
city_103,0.92,Male,Has relevent experience,no_enrollment,Graduate,STEM,18,100-500,NGO,4,157
city_136,0.897,,Has relevent experience,no_enrollment,Masters,STEM,10,10000+,,2,17
city_103,0.92,Male,No relevent experience,no_enrollment,Masters,STEM,>20,,,>4,47
city_54,0.856,,Has relevent experience,no_enrollment,Graduate,STEM,9,100-500,Pvt Ltd,1,10
city_90,0.698,,No relevent experience,no_enrollment,High School,,1,,,never,6
city_75,0.939,,Has relevent experience,no_enrollment,Graduate,STEM,7,100-500,Pvt Ltd,1,7
city_21,0.624,,No relevent experience,Full time course,High School,,3,,,1,35
city_36,0.893,Male,Has relevent experience,no_enrollment,Graduate,STEM,>20,1000-4999,Pvt Ltd,>4,28
city_173,0.878,Male,No relevent experience,no_enrollment,Graduate,Humanities,14,,,1,42
city_103,0.92,Male,Has relevent experience,Part time course,Graduate,STEM,2,1000-4999,Pvt Ltd,1,75
city_16,0.91,Male,Has relevent experience,no_enrollment,Masters,STEM,>20,100-500,Pvt Ltd,2,78
city_21,0.624,Male,Has relevent experience,no_enrollment,Graduate,STEM,4,100-500,NGO,1,26
city_114,0.926,Male,No relevent experience,no_enrollment,High School,,5,50-99,Pvt Ltd,1,62
city_90,0.698,,Has relevent experience,no_enrollment,Graduate,STEM,11,10/49,Pvt Ltd,1,39
city_103,0.92,Male,Has relevent experience,no_enrollment,Graduate,STEM,18,1000-4999,Pvt Ltd,4,23
city_160,0.92,,Has relevent experience,no_enrollment,Masters,STEM,11,10000+,Pvt Ltd,2,38
city_21,0.624,,Has relevent experience,no_enrollment,Graduate,STEM,3,100-500,,,16
city_103,0.92,,Has relevent experience,no_enrollment,Masters,Humanities,13,500-999,Public Sector,>4,182
city_36,0.893,Male,No relevent experience,Full time course,Graduate,STEM,10,,,never,29
city_36,0.893,Male,No relevent experience,Full time course,Masters,STEM,7,500-999,Public Sector,1,35
city_21,0.624,Male,Has relevent experience,Full time course,Masters,STEM,>20,1000-4999,Pvt Ltd,>4,4
city_103,0.92,Male,No relevent experience,no_enrollment,Masters,STEM,19,1000-4999,Pvt Ltd,1,90
city_23,0.899,,Has relevent experience,Part time course,Graduate,STEM,6,500-999,Funded Startup,1,23
city_21,0.624,Male,No relevent experience,no_enrollment,High School,,2,,,never,17
city_114,0.926,Male,Has relevent experience,no_enrollment,Phd,STEM,8,10/49,Public Sector,1,21
city_114,0.926,Male,No relevent experience,no_enrollment,High School,,1,,,never,58
city_21,0.624,Male,Has relevent experience,no_enrollment,Graduate,No Major,5,10/49,Pvt Ltd,3,6
city_21,0.624,Female,Has relevent experience,Full time course,Graduate,STEM,<1,50-99,Early Stage Startup,1,36
city_103,0.92,,No relevent experience,Full time course,Graduate,STEM,5,10/49,Public Sector,1,41
city_114,0.926,Male,Has relevent experience,no_enrollment,Masters,STEM,19,50-99,Pvt Ltd,1,25
city_103,0.92,Male,No relevent experience,Full time course,Graduate,Humanities,2,,,1,49
city_103,0.92,Male,Has relevent experience,no_enrollment,Graduate,STEM,10,100-500,NGO,1,21
city_103,0.92,Male,Has relevent experience,no_enrollment,Graduate,STEM,>20,5000-9999,Pvt Ltd,1,8
city_45,0.89,Male,No relevent experience,Full time course,Graduate,STEM,6,,,>4,29
city_16,0.91,Male,Has relevent experience,Part time course,Graduate,STEM,3,10000+,Pvt Ltd,never,129
city_21,0.624,,Has relevent experience,no_enrollment,Masters,STEM,6,10/49,Pvt Ltd,1,18
city_11,0.55,Female,Has relevent experience,no_enrollment,Graduate,STEM,9,10/49,Funded Startup,1,23
city_21,0.624,,Has relevent experience,no_enrollment,Graduate,STEM,8,500-999,Pvt Ltd,1,55
city_75,0.939,Male,Has relevent experience,no_enrollment,,,>20,50-99,Pvt Ltd,1,15
city_28,0.939,Male,Has relevent experience,Full time course,High School,,5,10000+,Pvt Ltd,2,66
city_21,0.624,Male,Has relevent experience,no_enrollment,Graduate,STEM,4,50-99,Funded Startup,1,174
city_136,0.897,Male,No relevent experience,no_enrollment,High School,,<1,50-99,Pvt Ltd,1,64
city_67,0.855,Male,No relevent experience,no_enrollment,High School,,11,,Pvt Ltd,1,32
city_150,0.698,,No relevent experience,,Masters,STEM,5,,,1,89
city_114,0.926,Male,Has relevent experience,no_enrollment,High School,,4,50-99,Pvt Ltd,1,14
city_104,0.924,Male,Has relevent experience,no_enrollment,Masters,STEM,>20,50-99,Pvt Ltd,2,12
city_65,0.802,Male,Has relevent experience,no_enrollment,Graduate,STEM,19,50-99,Pvt Ltd,>4,87
city_103,0.92,,No relevent experience,no_enrollment,,,4,50-99,Pvt Ltd,never,26
city_67,0.855,Male,No relevent experience,no_enrollment,Graduate,STEM,>20,,,>4,13
city_114,0.926,Male,No relevent experience,Part time course,High School,,3,50-99,Pvt Ltd,3,108
city_114,0.926,Male,Has relevent experience,Part time course,Graduate,STEM,5,<10,Pvt Ltd,2,27
city_103,0.92,Male,Has relevent experience,no_enrollment,Graduate,STEM,6,1000-4999,Public Sector,3,40
city_21,0.624,Male,Has relevent experience,no_enrollment,Graduate,STEM,9,100-500,Pvt Ltd,>4,174
city_16,0.91,,Has relevent experience,no_enrollment,Graduate,STEM,5,100-500,Pvt Ltd,never,94
city_162,0.767,,Has relevent experience,Full time course,Graduate,STEM,1,10/49,Pvt Ltd,never,149
city_103,0.92,,No relevent experience,no_enrollment,Graduate,STEM,6,<10,Pvt Ltd,>4,10
city_16,0.91,Male,Has relevent experience,no_enrollment,Masters,STEM,11,50-99,Funded Startup,2,62
city_138,0.836,Male,Has relevent experience,no_enrollment,High School,,>20,100-500,Pvt Ltd,>4,214
city_67,0.855,Male,No relevent experience,Full time course,Graduate,STEM,9,10000+,Pvt Ltd,3,14
city_102,0.804,Male,No relevent experience,Full time course,Graduate,STEM,1,,,1,29
city_21,0.624,Female,Has relevent experience,Full time course,Graduate,STEM,6,,,1,6
city_24,0.698,Male,Has relevent experience,no_enrollment,Masters,STEM,11,10000+,Pvt Ltd,1,83
city_102,0.804,,Has relevent experience,no_enrollment,Graduate,STEM,<1,50-99,Pvt Ltd,2,11
city_67,0.855,,Has relevent experience,Part time course,Graduate,STEM,7,50-99,Pvt Ltd,1,63
city_71,0.884,,Has relevent experience,Full time course,Graduate,STEM,11,50-99,Pvt Ltd,1,10
city_64,0.6659999999999999,Male,No relevent experience,Part time course,Graduate,STEM,3,,,1,53
city_21,0.624,Male,Has relevent experience,no_enrollment,Graduate,STEM,4,100-500,Pvt Ltd,2,78
city_114,0.926,Male,No relevent experience,no_enrollment,Phd,STEM,>20,1000-4999,Pvt Ltd,2,9
city_103,0.92,Male,Has relevent experience,no_enrollment,Graduate,STEM,15,1000-4999,Pvt Ltd,2,23
city_103,0.92,Male,Has relevent experience,no_enrollment,High School,,>20,,,2,35
city_21,0.624,,No relevent experience,Full time course,Masters,STEM,9,100-500,Pvt Ltd,never,5
city_21,0.624,Male,Has relevent experience,no_enrollment,Graduate,STEM,6,10/49,,2,23
city_21,0.624,Male,No relevent experience,Full time course,High School,,5,,,never,114
city_21,0.624,Male,Has relevent experience,no_enrollment,Graduate,STEM,9,100-500,Pvt Ltd,1,25
city_21,0.624,Male,No relevent experience,no_enrollment,Graduate,STEM,3,,,never,108
city_103,0.92,,No relevent experience,Full time course,Graduate,STEM,3,<10,Public Sector,2,37
city_103,0.92,Male,No relevent experience,no_enrollment,High School,,5,,,never,15
city_103,0.92,,Has relevent experience,Part time course,Graduate,STEM,4,<10,,1,45
city_114,0.926,Male,Has relevent experience,no_enrollment,High School,,11,10/49,Pvt Ltd,1,120
city_103,0.92,Male,Has relevent experience,no_enrollment,Graduate,STEM,>20,1000-4999,Pvt Ltd,>4,9
city_21,0.624,Female,Has relevent experience,no_enrollment,Graduate,STEM,7,10000+,,1,58
city_11,0.55,,Has relevent experience,no_enrollment,Graduate,STEM,6,10/49,Pvt Ltd,1,45
city_16,0.91,Female,Has relevent experience,no_enrollment,Masters,Humanities,5,,Public Sector,1,57
city_16,0.91,Male,Has relevent experience,no_enrollment,Graduate,Humanities,20,50-99,Pvt Ltd,2,72
city_103,0.92,Male,Has relevent experience,Full time course,High School,,5,,,1,54
city_73,0.754,Male,Has relevent experience,Part time course,Graduate,STEM,3,100-500,Pvt Ltd,never,127
city_21,0.624,,No relevent experience,Part time course,Graduate,Other,5,10/49,Funded Startup,3,37
city_103,0.92,Male,Has relevent experience,no_enrollment,Graduate,No Major,>20,100-500,Pvt Ltd,2,18
city_75,0.939,Male,No relevent experience,Full time course,Graduate,STEM,13,,,1,145
city_103,0.92,Male,No relevent experience,no_enrollment,Primary School,,5,,,never,15
city_21,0.624,,No relevent experience,Full time course,Graduate,STEM,5,,,never,83
city_103,0.92,Male,Has relevent experience,no_enrollment,Graduate,STEM,3,100-500,NGO,1,89
city_75,0.939,Male,Has relevent experience,no_enrollment,Masters,STEM,>20,,,>4,156
city_21,0.624,Male,Has relevent experience,no_enrollment,Masters,STEM,7,<10,Pvt Ltd,>4,48
city_103,0.92,Male,No relevent experience,Full time course,Graduate,STEM,6,,Public Sector,2,52
city_46,0.762,Male,No relevent experience,Full time course,High School,,2,,,never,40
city_160,0.92,Male,Has relevent experience,no_enrollment,Graduate,Humanities,>20,50-99,Pvt Ltd,>4,33
city_101,0.5579999999999999,Male,No relevent experience,Part time course,Graduate,STEM,1,10/49,,1,5
city_16,0.91,Male,Has relevent experience,no_enrollment,Graduate,STEM,>20,50-99,Pvt Ltd,4,25
city_138,0.836,Male,Has relevent experience,Part time course,Graduate,STEM,>20,1000-4999,Pvt Ltd,2,29
city_16,0.91,Male,Has relevent experience,no_enrollment,Graduate,STEM,18,50-99,Pvt Ltd,>4,9
city_160,0.92,Male,Has relevent experience,no_enrollment,Graduate,STEM,>20,50-99,,>4,214
city_23,0.899,Male,Has relevent experience,no_enrollment,Graduate,STEM,4,500-999,Pvt Ltd,1,10
city_103,0.92,,Has relevent experience,Part time course,Graduate,STEM,19,1000-4999,Pvt Ltd,1,68
city_116,0.743,Male,Has relevent experience,no_enrollment,Masters,STEM,9,1000-4999,Pvt Ltd,2,73
city_73,0.754,Male,Has relevent experience,no_enrollment,Graduate,STEM,11,5000-9999,Pvt Ltd,1,90
city_114,0.926,,Has relevent experience,no_enrollment,Graduate,STEM,8,500-999,Pvt Ltd,never,53
city_114,0.926,,Has relevent experience,no_enrollment,Masters,STEM,18,1000-4999,Public Sector,2,46
city_71,0.884,Male,Has relevent experience,no_enrollment,Graduate,STEM,14,50-99,Pvt Ltd,3,20
city_109,0.701,Male,No relevent experience,no_enrollment,Primary School,,<1,,,never,72
city_103,0.92,Male,Has relevent experience,no_enrollment,Graduate,STEM,>20,,,3,47
city_21,0.624,Male,Has relevent experience,no_enrollment,Graduate,STEM,8,10000+,Pvt Ltd,never,37
city_114,0.926,Male,Has relevent experience,no_enrollment,Masters,STEM,14,1000-4999,Pvt Ltd,1,38
city_114,0.926,Male,No relevent experience,no_enrollment,Masters,STEM,19,10000+,Pvt Ltd,>4,44
city_157,0.769,Male,No relevent experience,Full time course,Graduate,STEM,2,50-99,Pvt Ltd,1,50
city_136,0.897,Male,No relevent experience,no_enrollment,Masters,STEM,16,10000+,Pvt Ltd,>4,156
city_98,0.949,Male,Has relevent experience,no_enrollment,Masters,Other,>20,500-999,Pvt Ltd,2,14
city_65,0.802,Male,Has relevent experience,Full time course,Graduate,STEM,8,5000-9999,,never,196
city_74,0.579,Male,Has relevent experience,Part time course,Masters,STEM,4,500-999,Pvt Ltd,1,64
city_100,0.887,Male,Has relevent experience,no_enrollment,High School,,15,<10,Pvt Ltd,1,76
city_114,0.926,Male,Has relevent experience,,Masters,STEM,19,10000+,Pvt Ltd,1,294
city_21,0.624,Male,Has relevent experience,no_enrollment,Masters,STEM,>20,500-999,Pvt Ltd,>4,54
city_1,0.847,Male,Has relevent experience,no_enrollment,Graduate,No Major,>20,,,3,150
city_104,0.924,Male,Has relevent experience,no_enrollment,Graduate,STEM,15,100-500,Pvt Ltd,>4,17
city_24,0.698,Male,Has relevent experience,no_enrollment,Masters,STEM,9,50-99,Pvt Ltd,>4,31
city_97,0.925,Male,Has relevent experience,no_enrollment,Graduate,STEM,7,50-99,,1,69
city_101,0.5579999999999999,Male,Has relevent experience,no_enrollment,Graduate,STEM,3,100-500,Pvt Ltd,>4,87
city_23,0.899,,Has relevent experience,no_enrollment,Graduate,STEM,2,,Pvt Ltd,1,37
city_90,0.698,Female,No relevent experience,Full time course,Graduate,STEM,9,,,never,224
city_11,0.55,Male,Has relevent experience,no_enrollment,Graduate,STEM,7,500-999,Pvt Ltd,1,40
city_10,0.895,Male,Has relevent experience,no_enrollment,Masters,STEM,>20,100-500,Pvt Ltd,1,4
city_160,0.92,,Has relevent experience,Full time course,Masters,STEM,8,,Public Sector,>4,35
city_71,0.884,Male,Has relevent experience,no_enrollment,Graduate,STEM,18,<10,Funded Startup,>4,92
city_40,0.7759999999999999,Male,Has relevent experience,no_enrollment,Graduate,Humanities,>20,,,4,29
city_21,0.624,,No relevent experience,Full time course,Graduate,STEM,2,,,1,34
city_103,0.92,Male,Has relevent experience,no_enrollment,Graduate,STEM,5,50-99,Funded Startup,1,66
city_123,0.738,,No relevent experience,Part time course,High School,,2,,,1,73
city_24,0.698,,No relevent experience,no_enrollment,,,<1,,,,17
city_136,0.897,Male,No relevent experience,Full time course,Graduate,STEM,7,,,2,46
city_149,0.6890000000000001,,Has relevent experience,Full time course,Graduate,STEM,6,5000-9999,Pvt Ltd,1,58
city_103,0.92,Male,Has relevent experience,no_enrollment,Primary School,,>20,10000+,Pvt Ltd,1,102
city_102,0.804,Male,Has relevent experience,no_enrollment,Masters,STEM,20,1000-4999,Pvt Ltd,1,3
city_160,0.92,Male,No relevent experience,Full time course,Graduate,STEM,>20,100-500,Pvt Ltd,1,4
city_160,0.92,,Has relevent experience,no_enrollment,Masters,STEM,>20,100-500,Pvt Ltd,>4,72
city_21,0.624,Male,No relevent experience,Full time course,High School,,3,,,never,75
city_16,0.91,Male,Has relevent experience,no_enrollment,Graduate,STEM,15,50-99,,2,45
city_103,0.92,Male,Has relevent experience,no_enrollment,Graduate,STEM,17,<10,Pvt Ltd,>4,35
city_103,0.92,Male,Has relevent experience,no_enrollment,Graduate,STEM,>20,1000-4999,Pvt Ltd,2,26
city_16,0.91,Male,Has relevent experience,no_enrollment,Phd,STEM,>20,100-500,Pvt Ltd,4,11
city_73,0.754,,Has relevent experience,no_enrollment,Graduate,STEM,11,1000-4999,Pvt Ltd,,156
city_103,0.92,Male,Has relevent experience,no_enrollment,Graduate,STEM,5,1000-4999,Pvt Ltd,1,11
city_21,0.624,Male,Has relevent experience,Full time course,Graduate,STEM,<1,,,1,28
city_21,0.624,,No relevent experience,no_enrollment,Graduate,STEM,1,,,never,157
city_103,0.92,Male,Has relevent experience,no_enrollment,Masters,STEM,11,50-99,Early Stage Startup,never,314
city_82,0.693,Male,Has relevent experience,no_enrollment,Graduate,STEM,7,<10,Pvt Ltd,3,4
city_103,0.92,,No relevent experience,no_enrollment,Masters,Other,20,,,2,30
city_24,0.698,Male,No relevent experience,,Graduate,STEM,3,,,never,3
city_65,0.802,Male,Has relevent experience,no_enrollment,Masters,STEM,18,100-500,Pvt Ltd,2,50
city_102,0.804,Male,Has relevent experience,no_enrollment,Masters,STEM,6,100-500,Pvt Ltd,2,82
city_37,0.794,Male,No relevent experience,no_enrollment,Graduate,STEM,7,,,never,48
city_16,0.91,,No relevent experience,no_enrollment,Graduate,Humanities,<1,<10,Early Stage Startup,1,131
city_11,0.55,Male,Has relevent experience,no_enrollment,Graduate,STEM,3,50-99,Pvt Ltd,2,64
city_46,0.762,Male,Has relevent experience,no_enrollment,Graduate,STEM,6,100-500,Funded Startup,1,100
city_21,0.624,Male,No relevent experience,Full time course,High School,,3,,,1,51
city_118,0.722,Male,Has relevent experience,no_enrollment,Graduate,STEM,4,,,2,212
city_114,0.926,Male,Has relevent experience,no_enrollment,Masters,STEM,11,50-99,Pvt Ltd,2,62
city_21,0.624,Male,Has relevent experience,no_enrollment,Graduate,STEM,11,10000+,Pvt Ltd,2,124
city_105,0.794,Male,Has relevent experience,no_enrollment,Graduate,STEM,5,10/49,,3,6
city_141,0.763,,Has relevent experience,Full time course,Graduate,STEM,7,50-99,,>4,117
city_150,0.698,Male,Has relevent experience,no_enrollment,Masters,STEM,5,<10,Funded Startup,1,7
city_61,0.913,Male,No relevent experience,Full time course,Masters,STEM,4,,,1,23
city_103,0.92,,No relevent experience,no_enrollment,Graduate,STEM,>20,,,>4,68
city_104,0.924,Male,Has relevent experience,no_enrollment,Masters,STEM,13,100-500,Pvt Ltd,1,70
city_114,0.926,Male,Has relevent experience,Part time course,Graduate,Business Degree,11,100-500,Pvt Ltd,>4,44
city_138,0.836,Male,Has relevent experience,no_enrollment,Graduate,STEM,>20,50-99,Funded Startup,2,17
city_50,0.8959999999999999,Male,No relevent experience,no_enrollment,Masters,Other,9,,,1,38
city_75,0.939,Male,Has relevent experience,no_enrollment,Graduate,STEM,>20,,,>4,8
city_128,0.527,Male,Has relevent experience,no_enrollment,Graduate,STEM,<1,50-99,Pvt Ltd,1,22
city_16,0.91,Male,Has relevent experience,,Graduate,STEM,2,10000+,Pvt Ltd,1,58
city_100,0.887,Male,No relevent experience,no_enrollment,Graduate,Other,2,,,1,24
city_21,0.624,,No relevent experience,no_enrollment,Graduate,STEM,<1,<10,Pvt Ltd,1,111
city_16,0.91,Male,Has relevent experience,no_enrollment,Graduate,Business Degree,>20,100-500,Pvt Ltd,1,10
city_21,0.624,Male,Has relevent experience,no_enrollment,Masters,STEM,7,10000+,Pvt Ltd,2,13
city_16,0.91,Male,Has relevent experience,no_enrollment,Graduate,STEM,5,500-999,Pvt Ltd,never,66
city_114,0.926,,No relevent experience,Full time course,Graduate,Arts,6,,,1,25
city_21,0.624,Male,No relevent experience,no_enrollment,High School,,7,,,never,136
city_104,0.924,Male,Has relevent experience,no_enrollment,Graduate,STEM,>20,1000-4999,Pvt Ltd,1,57
city_16,0.91,Male,No relevent experience,Full time course,Graduate,STEM,4,,,never,21
city_103,0.92,Male,No relevent experience,no_enrollment,Graduate,STEM,3,50-99,,1,32
city_21,0.624,Male,Has relevent experience,no_enrollment,Masters,No Major,10,100-500,Funded Startup,1,22
city_173,0.878,,No relevent experience,no_enrollment,High School,,3,,,never,85
city_100,0.887,,Has relevent experience,no_enrollment,High School,,>20,50-99,Pvt Ltd,never,19
city_103,0.92,Male,Has relevent experience,no_enrollment,Masters,STEM,16,<10,Funded Startup,1,57
city_160,0.92,Male,Has relevent experience,no_enrollment,Graduate,STEM,13,500-999,Pvt Ltd,2,19
city_103,0.92,Male,Has relevent experience,Part time course,Graduate,STEM,9,50-99,Pvt Ltd,3,56
city_57,0.866,Male,Has relevent experience,no_enrollment,Graduate,STEM,13,,,1,46
city_114,0.926,Male,Has relevent experience,Full time course,Graduate,STEM,3,,,2,29
city_16,0.91,,No relevent experience,no_enrollment,Primary School,,3,,,never,278
city_71,0.884,Male,Has relevent experience,no_enrollment,Masters,STEM,3,<10,Pvt Ltd,1,56
city_103,0.92,Male,Has relevent experience,no_enrollment,Graduate,STEM,10,10000+,Pvt Ltd,>4,27
city_16,0.91,Male,Has relevent experience,no_enrollment,Graduate,STEM,15,,,>4,47
city_46,0.762,Male,No relevent experience,Part time course,Graduate,Business Degree,<1,100-500,Pvt Ltd,1,74
city_103,0.92,Male,Has relevent experience,no_enrollment,Graduate,Other,5,1000-4999,Pvt Ltd,1,65
city_155,0.556,,Has relevent experience,no_enrollment,Graduate,Other,6,50-99,Pvt Ltd,1,34
city_71,0.884,Female,No relevent experience,no_enrollment,Graduate,Humanities,>20,,,never,7
city_97,0.925,Male,Has relevent experience,no_enrollment,Masters,STEM,14,<10,Pvt Ltd,1,138
city_103,0.92,Male,Has relevent experience,Full time course,Graduate,STEM,4,100-500,Pvt Ltd,2,80
city_103,0.92,,Has relevent experience,Part time course,Graduate,STEM,10,10000+,Pvt Ltd,2,13
city_10,0.895,Male,No relevent experience,no_enrollment,High School,,7,,,>4,86
city_50,0.8959999999999999,Male,Has relevent experience,no_enrollment,Graduate,STEM,8,<10,Pvt Ltd,3,39
city_104,0.924,Male,Has relevent experience,no_enrollment,High School,,6,,,1,82
city_21,0.624,,Has relevent experience,,,,3,,,1,33
city_103,0.92,Female,Has relevent experience,no_enrollment,Graduate,Other,>20,1000-4999,Pvt Ltd,2,35
city_93,0.865,Male,Has relevent experience,no_enrollment,Masters,STEM,>20,,,>4,8
city_103,0.92,,No relevent experience,no_enrollment,Graduate,STEM,>20,1000-4999,Pvt Ltd,1,47
city_103,0.92,Male,Has relevent experience,no_enrollment,Graduate,STEM,5,100-500,Pvt Ltd,>4,138
city_114,0.926,Male,Has relevent experience,no_enrollment,Masters,STEM,>20,100-500,Pvt Ltd,2,50
city_73,0.754,Male,No relevent experience,Part time course,Masters,STEM,14,,,1,3
city_173,0.878,Male,Has relevent experience,no_enrollment,Graduate,STEM,16,10000+,Pvt Ltd,1,100
city_103,0.92,Male,Has relevent experience,no_enrollment,Phd,STEM,2,<10,Early Stage Startup,1,26
city_91,0.691,Male,No relevent experience,no_enrollment,Graduate,STEM,10,10000+,Pvt Ltd,1,32
city_123,0.738,,Has relevent experience,no_enrollment,Graduate,Other,12,,,>4,17
city_21,0.624,,No relevent experience,Full time course,Masters,STEM,3,,,1,57
city_136,0.897,Male,Has relevent experience,no_enrollment,Phd,STEM,18,10/49,Pvt Ltd,1,256
city_103,0.92,Male,No relevent experience,no_enrollment,,,4,,,never,154
city_16,0.91,Female,Has relevent experience,no_enrollment,Phd,STEM,>20,500-999,Pvt Ltd,1,18
city_11,0.55,Male,Has relevent experience,Part time course,Graduate,STEM,3,,,1,58
city_103,0.92,Male,Has relevent experience,no_enrollment,Graduate,STEM,17,10000+,Public Sector,4,74
city_65,0.802,Male,Has relevent experience,no_enrollment,Graduate,STEM,19,<10,Pvt Ltd,3,15
city_44,0.725,Male,No relevent experience,no_enrollment,Masters,STEM,>20,<10,Pvt Ltd,>4,106
city_103,0.92,Male,Has relevent experience,no_enrollment,Graduate,STEM,6,50-99,Funded Startup,1,4
city_159,0.843,Male,Has relevent experience,Part time course,Graduate,STEM,11,<10,Early Stage Startup,2,75
city_176,0.764,Male,No relevent experience,Full time course,Graduate,STEM,2,10/49,Early Stage Startup,1,131
city_21,0.624,Male,No relevent experience,Full time course,Graduate,STEM,5,,,never,56
city_104,0.924,,No relevent experience,Full time course,High School,,10,,,4,29
city_67,0.855,,No relevent experience,no_enrollment,Graduate,STEM,4,10000+,Pvt Ltd,2,75
city_16,0.91,Male,No relevent experience,no_enrollment,Graduate,STEM,6,100-500,Pvt Ltd,1,8
city_16,0.91,Female,Has relevent experience,no_enrollment,Masters,Humanities,4,50-99,Pvt Ltd,2,25
city_21,0.624,Male,No relevent experience,Full time course,Graduate,STEM,4,,Pvt Ltd,never,58
city_67,0.855,Male,Has relevent experience,no_enrollment,Masters,STEM,16,10/49,Funded Startup,4,248
city_149,0.6890000000000001,,Has relevent experience,,High School,,3,,,never,99
city_133,0.742,Male,No relevent experience,no_enrollment,Graduate,STEM,>20,10000+,NGO,>4,44
city_103,0.92,Male,No relevent experience,Full time course,High School,,6,,,1,14
city_83,0.923,Male,Has relevent experience,no_enrollment,Masters,STEM,>20,,,>4,20
city_10,0.895,Male,No relevent experience,no_enrollment,High School,,7,,,4,32
city_104,0.924,Male,Has relevent experience,no_enrollment,Graduate,STEM,>20,100-500,Pvt Ltd,>4,39
city_136,0.897,,Has relevent experience,no_enrollment,Masters,STEM,14,1000-4999,Pvt Ltd,>4,123
city_16,0.91,Male,No relevent experience,no_enrollment,Phd,STEM,10,,,1,163
city_103,0.92,Male,Has relevent experience,no_enrollment,Graduate,STEM,7,50-99,Pvt Ltd,1,65
city_69,0.856,Male,Has relevent experience,no_enrollment,Graduate,STEM,8,,,2,22
city_103,0.92,Male,Has relevent experience,no_enrollment,Graduate,STEM,>20,1000-4999,Pvt Ltd,>4,58
city_160,0.92,Male,Has relevent experience,no_enrollment,Graduate,STEM,12,10/49,Pvt Ltd,2,7
city_76,0.698,Male,Has relevent experience,no_enrollment,Graduate,STEM,7,10000+,Pvt Ltd,never,139
city_103,0.92,Male,Has relevent experience,no_enrollment,Masters,STEM,9,10/49,Pvt Ltd,1,22
city_21,0.624,,Has relevent experience,no_enrollment,Graduate,STEM,2,10/49,,1,37
city_114,0.926,Male,Has relevent experience,Full time course,High School,,4,100-500,Pvt Ltd,1,92
city_28,0.939,Male,Has relevent experience,no_enrollment,Masters,STEM,6,100-500,Pvt Ltd,1,96
city_103,0.92,,No relevent experience,no_enrollment,Graduate,STEM,9,,,1,44
city_160,0.92,Female,Has relevent experience,no_enrollment,Masters,STEM,>20,50-99,Pvt Ltd,>4,120
city_103,0.92,Female,No relevent experience,no_enrollment,Masters,Humanities,4,1000-4999,Pvt Ltd,1,23
city_21,0.624,,Has relevent experience,no_enrollment,Graduate,STEM,3,100-500,Pvt Ltd,1,77
city_103,0.92,,No relevent experience,no_enrollment,Graduate,STEM,7,,,1,212
city_16,0.91,Male,Has relevent experience,no_enrollment,Graduate,Humanities,5,500-999,Pvt Ltd,>4,6
city_75,0.939,Male,No relevent experience,no_enrollment,Graduate,STEM,3,1000-4999,Pvt Ltd,2,184
city_21,0.624,Male,Has relevent experience,no_enrollment,Graduate,STEM,3,1000-4999,Pvt Ltd,2,22
city_173,0.878,Male,Has relevent experience,no_enrollment,Masters,STEM,>20,,,4,100
city_83,0.923,,Has relevent experience,no_enrollment,Graduate,STEM,8,50-99,Pvt Ltd,never,326
city_67,0.855,Female,No relevent experience,Full time course,High School,,2,10000+,,1,6
city_114,0.926,Male,Has relevent experience,no_enrollment,Masters,STEM,>20,10/49,Pvt Ltd,>4,214
city_114,0.926,Male,Has relevent experience,no_enrollment,Graduate,STEM,9,<10,Pvt Ltd,1,20
city_65,0.802,,Has relevent experience,no_enrollment,Masters,STEM,>20,<10,Pvt Ltd,>4,15
city_67,0.855,Male,Has relevent experience,no_enrollment,Masters,STEM,13,,,1,28
city_128,0.527,Female,No relevent experience,Full time course,High School,,<1,,,never,48
city_114,0.926,Male,No relevent experience,Full time course,Graduate,STEM,15,,,never,8
city_21,0.624,,Has relevent experience,no_enrollment,Masters,STEM,6,<10,Pvt Ltd,1,111
city_23,0.899,Male,Has relevent experience,no_enrollment,Graduate,Business Degree,10,10/49,Funded Startup,1,45
city_21,0.624,Male,Has relevent experience,no_enrollment,Masters,STEM,6,,,2,160
city_64,0.6659999999999999,Female,Has relevent experience,no_enrollment,Graduate,STEM,18,50-99,Pvt Ltd,>4,4
city_16,0.91,Male,Has relevent experience,no_enrollment,Graduate,STEM,16,10/49,Pvt Ltd,>4,35
city_162,0.767,Male,No relevent experience,no_enrollment,High School,,8,,Pvt Ltd,never,65
city_64,0.6659999999999999,,Has relevent experience,no_enrollment,Graduate,STEM,2,,,1,7
city_73,0.754,,No relevent experience,no_enrollment,Graduate,STEM,19,500-999,Pvt Ltd,>4,41
city_160,0.92,Male,Has relevent experience,no_enrollment,Graduate,STEM,8,100-500,Pvt Ltd,>4,110
city_16,0.91,,Has relevent experience,Part time course,High School,,4,1000-4999,Pvt Ltd,1,84
city_160,0.92,Male,Has relevent experience,no_enrollment,Graduate,STEM,>20,,,1,80
city_74,0.579,Male,Has relevent experience,no_enrollment,Graduate,STEM,5,100-500,Pvt Ltd,1,21
city_103,0.92,Male,Has relevent experience,Full time course,Graduate,STEM,14,100-500,NGO,1,47
city_13,0.8270000000000001,Male,Has relevent experience,no_enrollment,Masters,STEM,7,,,2,48
city_28,0.939,Male,No relevent experience,Part time course,High School,,2,100-500,Pvt Ltd,1,13
city_103,0.92,,Has relevent experience,no_enrollment,Masters,STEM,10,,,1,112
city_67,0.855,,No relevent experience,Full time course,High School,,2,,Pvt Ltd,never,198
city_83,0.923,Male,No relevent experience,no_enrollment,Masters,STEM,3,1000-4999,Public Sector,1,46
city_103,0.92,Male,Has relevent experience,no_enrollment,Graduate,STEM,>20,<10,Pvt Ltd,>4,47
city_16,0.91,Male,Has relevent experience,no_enrollment,Graduate,STEM,10,<10,Pvt Ltd,1,140
city_136,0.897,Female,Has relevent experience,no_enrollment,Graduate,STEM,8,10/49,Early Stage Startup,1,8
city_16,0.91,Female,Has relevent experience,no_enrollment,Graduate,STEM,13,50-99,Pvt Ltd,>4,15
city_21,0.624,,No relevent experience,no_enrollment,Graduate,STEM,<1,10/49,Pvt Ltd,never,66
city_114,0.926,Male,Has relevent experience,no_enrollment,Masters,STEM,9,50-99,Pvt Ltd,2,123
city_23,0.899,Female,Has relevent experience,Part time course,Graduate,STEM,5,10000+,Pvt Ltd,3,69
city_103,0.92,,No relevent experience,no_enrollment,Primary School,,7,,,1,32
city_127,0.745,Male,No relevent experience,Full time course,Graduate,STEM,3,,Pvt Ltd,never,91
city_114,0.926,Male,No relevent experience,no_enrollment,High School,,4,,,never,28
city_102,0.804,Male,Has relevent experience,no_enrollment,Graduate,STEM,17,,,1,52
city_114,0.926,,No relevent experience,no_enrollment,Phd,STEM,20,1000-4999,Public Sector,2,24
city_160,0.92,Female,Has relevent experience,no_enrollment,High School,,10,50-99,Funded Startup,1,35
city_75,0.939,Male,Has relevent experience,no_enrollment,Graduate,STEM,15,100-500,Pvt Ltd,3,14
city_103,0.92,Female,Has relevent experience,no_enrollment,Masters,STEM,6,10/49,Early Stage Startup,1,18
city_103,0.92,Male,No relevent experience,no_enrollment,Graduate,STEM,>20,500-999,Pvt Ltd,>4,50
city_19,0.682,Male,Has relevent experience,no_enrollment,Graduate,STEM,6,100-500,Pvt Ltd,1,45
city_21,0.624,,Has relevent experience,no_enrollment,Graduate,STEM,6,100-500,Pvt Ltd,1,110
city_103,0.92,Male,No relevent experience,no_enrollment,Graduate,No Major,>20,,,>4,48
city_103,0.92,Male,No relevent experience,Full time course,Graduate,STEM,2,,,1,19
city_73,0.754,Male,Has relevent experience,no_enrollment,Masters,STEM,15,1000-4999,Public Sector,>4,7
city_77,0.83,Male,Has relevent experience,no_enrollment,Masters,STEM,14,1000-4999,Pvt Ltd,1,48
city_116,0.743,Female,Has relevent experience,no_enrollment,Graduate,STEM,5,,,never,24
city_16,0.91,Male,Has relevent experience,no_enrollment,Graduate,STEM,10,50-99,Pvt Ltd,1,76
city_114,0.926,Male,Has relevent experience,no_enrollment,Masters,STEM,>20,100-500,Pvt Ltd,>4,72
city_173,0.878,,Has relevent experience,no_enrollment,Graduate,STEM,>20,,,>4,15
city_16,0.91,,No relevent experience,no_enrollment,High School,,3,,,never,9
city_16,0.91,Male,Has relevent experience,no_enrollment,Graduate,Business Degree,4,50-99,Pvt Ltd,1,59
city_159,0.843,Male,Has relevent experience,no_enrollment,Graduate,STEM,6,500-999,Pvt Ltd,>4,123
city_138,0.836,Male,No relevent experience,Full time course,Masters,STEM,3,<10,Public Sector,1,28
city_21,0.624,Male,Has relevent experience,no_enrollment,Graduate,STEM,9,10000+,Pvt Ltd,>4,51
city_136,0.897,Male,Has relevent experience,no_enrollment,Masters,STEM,5,10000+,NGO,1,31
city_103,0.92,Male,No relevent experience,no_enrollment,Graduate,STEM,6,,,1,92
city_136,0.897,Male,Has relevent experience,no_enrollment,Masters,STEM,14,1000-4999,Pvt Ltd,1,15
city_16,0.91,Male,Has relevent experience,no_enrollment,High School,,8,<10,Early Stage Startup,1,166
city_103,0.92,Male,No relevent experience,Full time course,Graduate,STEM,7,,,never,32
city_103,0.92,Male,Has relevent experience,no_enrollment,Graduate,STEM,9,1000-4999,Public Sector,3,100
city_57,0.866,Male,Has relevent experience,no_enrollment,Masters,STEM,>20,50-99,Funded Startup,1,26
city_16,0.91,Male,Has relevent experience,no_enrollment,Graduate,STEM,>20,50-99,Pvt Ltd,1,30
city_114,0.926,Male,Has relevent experience,no_enrollment,Masters,STEM,>20,,,1,106
city_21,0.624,Female,Has relevent experience,Full time course,Masters,STEM,9,50-99,Early Stage Startup,never,218
city_138,0.836,Male,Has relevent experience,no_enrollment,Graduate,STEM,>20,100-500,Public Sector,>4,94
city_21,0.624,Male,Has relevent experience,no_enrollment,Graduate,STEM,4,<10,Pvt Ltd,3,7
city_100,0.887,Male,Has relevent experience,no_enrollment,Graduate,STEM,>20,50-99,Funded Startup,1,45
city_61,0.913,Male,Has relevent experience,no_enrollment,Graduate,STEM,15,10000+,Pvt Ltd,>4,28
city_16,0.91,Male,Has relevent experience,no_enrollment,Graduate,STEM,12,<10,Pvt Ltd,>4,57
city_103,0.92,Male,Has relevent experience,no_enrollment,Graduate,STEM,2,10000+,Pvt Ltd,1,24
city_71,0.884,Male,Has relevent experience,no_enrollment,Masters,STEM,7,<10,Early Stage Startup,never,20
city_21,0.624,Male,Has relevent experience,no_enrollment,Graduate,STEM,18,50-99,Funded Startup,2,68
city_90,0.698,,Has relevent experience,no_enrollment,Graduate,STEM,2,<10,Pvt Ltd,,134
city_21,0.624,,No relevent experience,Part time course,Graduate,STEM,3,,,1,56
city_16,0.91,Female,Has relevent experience,no_enrollment,Graduate,STEM,8,1000-4999,,1,90
city_136,0.897,Male,Has relevent experience,no_enrollment,Masters,STEM,19,10/49,Funded Startup,3,12
city_103,0.92,Female,Has relevent experience,no_enrollment,Graduate,Arts,1,10/49,Pvt Ltd,1,107
city_91,0.691,,No relevent experience,no_enrollment,,,1,,,never,226
city_16,0.91,,No relevent experience,Full time course,Graduate,STEM,4,,,1,40
city_75,0.939,,Has relevent experience,no_enrollment,High School,,6,,,1,59
city_21,0.624,,Has relevent experience,Full time course,Graduate,STEM,4,<10,Pvt Ltd,1,18
city_149,0.6890000000000001,,Has relevent experience,no_enrollment,High School,,2,,,2,100
city_93,0.865,,Has relevent experience,no_enrollment,High School,,12,100-500,Pvt Ltd,2,4
city_103,0.92,Female,No relevent experience,no_enrollment,Masters,STEM,7,10000+,Pvt Ltd,1,44
city_102,0.804,,Has relevent experience,no_enrollment,Graduate,STEM,10,500-999,Pvt Ltd,1,14
city_41,0.8270000000000001,Male,Has relevent experience,Full time course,High School,,4,5000-9999,Pvt Ltd,1,6
city_103,0.92,Male,Has relevent experience,no_enrollment,Graduate,Humanities,5,10000+,Pvt Ltd,4,25
city_145,0.555,,Has relevent experience,Full time course,Graduate,STEM,2,,,1,7
city_16,0.91,,No relevent experience,no_enrollment,Graduate,STEM,14,100-500,Pvt Ltd,1,196
city_160,0.92,Male,Has relevent experience,no_enrollment,Graduate,Business Degree,>20,,,>4,31
city_103,0.92,Male,No relevent experience,Full time course,Graduate,STEM,6,10000+,Pvt Ltd,1,166
city_41,0.8270000000000001,Male,Has relevent experience,no_enrollment,Graduate,STEM,>20,10000+,Pvt Ltd,>4,188
city_65,0.802,Male,No relevent experience,Full time course,High School,,2,10/49,Early Stage Startup,1,34
city_99,0.915,Male,Has relevent experience,no_enrollment,Masters,STEM,>20,,,3,90
city_21,0.624,,Has relevent experience,no_enrollment,Graduate,STEM,9,50-99,Pvt Ltd,1,52
city_103,0.92,,Has relevent experience,no_enrollment,Masters,Humanities,>20,100-500,Pvt Ltd,1,54
city_50,0.8959999999999999,Male,Has relevent experience,no_enrollment,Graduate,STEM,11,,Pvt Ltd,1,109
city_143,0.74,,Has relevent experience,no_enrollment,,,14,10/49,Pvt Ltd,1,21
city_16,0.91,Male,Has relevent experience,Full time course,Graduate,STEM,5,,,4,52
city_21,0.624,,No relevent experience,Full time course,Masters,STEM,1,,,never,27
city_103,0.92,Male,No relevent experience,no_enrollment,High School,,2,10000+,Public Sector,1,54
city_103,0.92,Male,Has relevent experience,no_enrollment,Graduate,Humanities,7,10000+,Pvt Ltd,never,82
city_103,0.92,Male,Has relevent experience,no_enrollment,Masters,STEM,4,50-99,Pvt Ltd,1,109
city_21,0.624,,Has relevent experience,no_enrollment,Masters,STEM,4,500-999,Pvt Ltd,1,24
city_33,0.4479999999999999,,Has relevent experience,Part time course,Masters,STEM,6,,,1,18
city_36,0.893,,No relevent experience,Full time course,Graduate,STEM,7,,,never,39
city_144,0.84,Male,Has relevent experience,no_enrollment,Graduate,STEM,>20,,,>4,47
city_103,0.92,Female,Has relevent experience,no_enrollment,Graduate,STEM,>20,10000+,Pvt Ltd,1,69
city_61,0.913,,Has relevent experience,no_enrollment,Masters,STEM,12,50-99,,2,158
city_16,0.91,Male,Has relevent experience,no_enrollment,Graduate,STEM,2,10000+,Pvt Ltd,2,155
city_79,0.698,,Has relevent experience,Full time course,Masters,STEM,2,50-99,Pvt Ltd,,95
city_103,0.92,,Has relevent experience,no_enrollment,Graduate,STEM,11,500-999,,2,41
city_120,0.78,Male,Has relevent experience,no_enrollment,Graduate,STEM,6,100-500,Pvt Ltd,2,165
city_123,0.738,,Has relevent experience,no_enrollment,Phd,STEM,12,50-99,Pvt Ltd,1,80
city_44,0.725,Male,Has relevent experience,no_enrollment,Graduate,STEM,8,,,1,61
city_21,0.624,Male,Has relevent experience,no_enrollment,Graduate,STEM,12,1000-4999,Pvt Ltd,>4,85
city_114,0.926,,No relevent experience,Full time course,Graduate,STEM,11,10/49,Pvt Ltd,2,33
city_114,0.926,Male,Has relevent experience,Full time course,Graduate,STEM,8,50-99,Funded Startup,1,316
city_14,0.698,,No relevent experience,Full time course,Graduate,STEM,3,100-500,Pvt Ltd,1,3
city_103,0.92,Male,Has relevent experience,no_enrollment,Masters,STEM,10,100-500,Pvt Ltd,1,8
city_173,0.878,Male,No relevent experience,no_enrollment,Phd,STEM,>20,100-500,Pvt Ltd,>4,22
city_100,0.887,Male,Has relevent experience,no_enrollment,Masters,Humanities,>20,,,never,15
city_105,0.794,Male,Has relevent experience,no_enrollment,Masters,STEM,4,100-500,Public Sector,3,52
city_103,0.92,Male,No relevent experience,no_enrollment,High School,,4,,,never,21
city_100,0.887,Male,Has relevent experience,no_enrollment,High School,,6,50-99,Pvt Ltd,2,104
city_173,0.878,Male,Has relevent experience,no_enrollment,Masters,STEM,>20,1000-4999,Pvt Ltd,>4,163
city_103,0.92,Male,Has relevent experience,no_enrollment,,,10,50-99,Funded Startup,>4,20
city_100,0.887,Male,Has relevent experience,no_enrollment,Masters,STEM,19,500-999,,never,16
city_160,0.92,,Has relevent experience,no_enrollment,Graduate,STEM,14,1000-4999,Pvt Ltd,>4,80
city_16,0.91,Male,Has relevent experience,no_enrollment,Graduate,STEM,>20,,,>4,2
city_48,0.493,Male,Has relevent experience,no_enrollment,Graduate,STEM,6,50-99,NGO,1,15
city_103,0.92,Male,Has relevent experience,no_enrollment,Graduate,STEM,>20,,,>4,29
city_103,0.92,Male,Has relevent experience,no_enrollment,Graduate,STEM,>20,,,2,6
city_136,0.897,Other,No relevent experience,Part time course,Graduate,STEM,1,50-99,Funded Startup,1,45
city_103,0.92,Male,Has relevent experience,no_enrollment,Masters,STEM,>20,,,2,97
city_21,0.624,,Has relevent experience,no_enrollment,Masters,STEM,3,10000+,Pvt Ltd,1,94
city_118,0.722,Male,No relevent experience,Part time course,Graduate,STEM,3,100-500,Pvt Ltd,1,55
city_61,0.913,Male,No relevent experience,Full time course,Graduate,STEM,2,,,2,84
city_75,0.939,,Has relevent experience,no_enrollment,Graduate,STEM,7,100-500,NGO,1,42
city_74,0.579,,No relevent experience,Full time course,Graduate,STEM,4,<10,Public Sector,1,135
city_71,0.884,Male,No relevent experience,Full time course,Graduate,STEM,4,,,3,24
city_100,0.887,,No relevent experience,Full time course,Masters,STEM,3,,Public Sector,1,30
city_136,0.897,Male,Has relevent experience,no_enrollment,Masters,STEM,5,<10,Pvt Ltd,1,76
city_21,0.624,Male,No relevent experience,Part time course,Masters,STEM,1,<10,Public Sector,never,53
city_16,0.91,Male,Has relevent experience,no_enrollment,Graduate,STEM,>20,500-999,Pvt Ltd,1,36
city_16,0.91,Male,Has relevent experience,no_enrollment,Graduate,STEM,>20,,,>4,72
city_74,0.579,,Has relevent experience,Part time course,High School,,4,50-99,Pvt Ltd,2,43
city_21,0.624,Male,Has relevent experience,no_enrollment,Graduate,Business Degree,8,100-500,Pvt Ltd,1,52
city_21,0.624,Male,No relevent experience,Full time course,High School,,7,,,never,146
city_126,0.479,Male,Has relevent experience,no_enrollment,Graduate,STEM,4,10000+,Public Sector,1,22
city_21,0.624,Male,Has relevent experience,no_enrollment,Masters,STEM,5,500-999,Pvt Ltd,4,60
city_64,0.6659999999999999,Male,Has relevent experience,no_enrollment,Graduate,STEM,8,10/49,Pvt Ltd,1,96
city_16,0.91,Male,Has relevent experience,no_enrollment,Masters,Humanities,3,100-500,Public Sector,1,28
city_102,0.804,Male,Has relevent experience,no_enrollment,Masters,STEM,11,50-99,Pvt Ltd,1,154
city_103,0.92,Male,Has relevent experience,no_enrollment,Graduate,Other,>20,100-500,Pvt Ltd,>4,87
city_136,0.897,,Has relevent experience,Full time course,Graduate,STEM,,10/49,NGO,,26
city_103,0.92,Female,Has relevent experience,Part time course,Graduate,STEM,18,100-500,Public Sector,>4,244
city_16,0.91,Male,No relevent experience,no_enrollment,Masters,Humanities,3,1000-4999,Public Sector,1,148
city_173,0.878,Male,No relevent experience,no_enrollment,Primary School,,6,,,never,106
city_160,0.92,Male,Has relevent experience,no_enrollment,Graduate,STEM,18,50-99,Pvt Ltd,>4,26
city_103,0.92,Female,Has relevent experience,no_enrollment,Phd,STEM,>20,5000-9999,NGO,1,104
city_21,0.624,,Has relevent experience,no_enrollment,Masters,STEM,16,500-999,Pvt Ltd,>4,204
city_21,0.624,,Has relevent experience,no_enrollment,Graduate,STEM,5,50-99,Early Stage Startup,,32
city_16,0.91,Male,Has relevent experience,no_enrollment,Graduate,STEM,10,10/49,Pvt Ltd,2,91
city_71,0.884,Male,Has relevent experience,Part time course,Graduate,STEM,9,10/49,Pvt Ltd,3,65
city_100,0.887,Male,Has relevent experience,no_enrollment,Masters,STEM,>20,,,2,10
city_20,0.7959999999999999,,Has relevent experience,Part time course,Graduate,STEM,4,50-99,Pvt Ltd,1,11
city_65,0.802,Male,Has relevent experience,Part time course,High School,,11,<10,Pvt Ltd,1,55
city_45,0.89,Male,Has relevent experience,no_enrollment,Graduate,STEM,>20,100-500,Pvt Ltd,2,6
city_61,0.913,Male,No relevent experience,Full time course,High School,,9,,,1,27
city_103,0.92,,Has relevent experience,no_enrollment,Masters,STEM,16,50-99,Pvt Ltd,1,155
city_114,0.926,,Has relevent experience,no_enrollment,High School,,20,,,>4,80
city_21,0.624,,No relevent experience,Full time course,High School,,6,,,4,188
city_114,0.926,Male,Has relevent experience,no_enrollment,Graduate,STEM,6,1000-4999,Pvt Ltd,1,182
city_160,0.92,Female,No relevent experience,no_enrollment,Graduate,Humanities,2,,,1,75
city_21,0.624,Male,Has relevent experience,no_enrollment,Graduate,STEM,6,50-99,NGO,>4,6
city_90,0.698,Female,No relevent experience,Full time course,Graduate,STEM,2,,Pvt Ltd,never,42
city_136,0.897,Male,Has relevent experience,no_enrollment,Graduate,STEM,16,10000+,Pvt Ltd,2,68
city_160,0.92,Male,Has relevent experience,no_enrollment,Graduate,STEM,>20,50-99,Pvt Ltd,3,147
city_27,0.848,Male,Has relevent experience,no_enrollment,High School,,10,10/49,Early Stage Startup,3,76
city_128,0.527,Male,Has relevent experience,no_enrollment,Graduate,Other,6,50-99,Pvt Ltd,2,53
city_90,0.698,Male,No relevent experience,no_enrollment,,,6,,,2,136
city_99,0.915,Male,Has relevent experience,no_enrollment,Graduate,STEM,14,,,2,52
city_11,0.55,,Has relevent experience,Part time course,Masters,STEM,8,,,1,150
city_103,0.92,Male,Has relevent experience,no_enrollment,Graduate,STEM,6,1000-4999,Pvt Ltd,1,45
city_83,0.923,Male,Has relevent experience,no_enrollment,Graduate,STEM,1,50-99,Pvt Ltd,1,102
city_21,0.624,Male,Has relevent experience,no_enrollment,Graduate,STEM,7,50-99,Funded Startup,2,46
city_103,0.92,Male,No relevent experience,no_enrollment,Graduate,Humanities,3,100-500,Pvt Ltd,1,35
city_103,0.92,Male,Has relevent experience,no_enrollment,Graduate,STEM,2,,,1,98
city_103,0.92,,Has relevent experience,no_enrollment,Graduate,STEM,4,100-500,Pvt Ltd,1,27
city_21,0.624,,Has relevent experience,Full time course,Graduate,STEM,3,1000-4999,Pvt Ltd,2,48
city_46,0.762,Other,No relevent experience,,,,8,,,never,234
city_16,0.91,Male,Has relevent experience,no_enrollment,Masters,STEM,19,,,1,320
city_16,0.91,Male,Has relevent experience,no_enrollment,Masters,Other,10,50-99,Pvt Ltd,1,47
city_21,0.624,,Has relevent experience,no_enrollment,Graduate,STEM,6,500-999,Pvt Ltd,never,11
city_21,0.624,Male,Has relevent experience,no_enrollment,Graduate,STEM,13,10000+,Pvt Ltd,4,40
city_111,0.698,Male,No relevent experience,no_enrollment,High School,,8,<10,Pvt Ltd,>4,20
city_103,0.92,Male,No relevent experience,no_enrollment,Graduate,STEM,7,,,>4,109
city_67,0.855,,No relevent experience,Full time course,Graduate,STEM,5,,,never,158
city_114,0.926,Male,Has relevent experience,no_enrollment,Graduate,STEM,5,500-999,Pvt Ltd,4,15
city_21,0.624,Male,Has relevent experience,Full time course,Graduate,STEM,2,10/49,Early Stage Startup,1,56
city_114,0.926,,Has relevent experience,no_enrollment,Graduate,STEM,13,100-500,Pvt Ltd,1,48
city_21,0.624,Male,Has relevent experience,Full time course,Masters,STEM,3,50-99,Pvt Ltd,1,10
city_103,0.92,Male,No relevent experience,no_enrollment,Primary School,,7,,,never,88
city_16,0.91,Male,Has relevent experience,no_enrollment,Graduate,STEM,2,<10,Pvt Ltd,2,17
city_16,0.91,Male,Has relevent experience,no_enrollment,Graduate,Arts,12,10000+,Pvt Ltd,4,59
city_103,0.92,Other,Has relevent experience,no_enrollment,Graduate,STEM,19,10000+,Pvt Ltd,>4,92
city_75,0.939,Male,Has relevent experience,no_enrollment,Graduate,STEM,>20,10000+,Pvt Ltd,>4,102
city_36,0.893,Male,Has relevent experience,no_enrollment,High School,,16,,,>4,35
city_109,0.701,Male,Has relevent experience,no_enrollment,Masters,STEM,16,10/49,Pvt Ltd,3,11
city_98,0.949,Male,Has relevent experience,no_enrollment,Graduate,STEM,6,10000+,Pvt Ltd,1,11
city_21,0.624,Male,No relevent experience,no_enrollment,Graduate,STEM,6,10000+,Pvt Ltd,1,50
city_11,0.55,,No relevent experience,no_enrollment,Masters,Other,6,,,1,21
city_21,0.624,Male,Has relevent experience,no_enrollment,Graduate,STEM,9,50-99,Pvt Ltd,>4,80
city_21,0.624,Male,Has relevent experience,Full time course,Graduate,STEM,2,100-500,Pvt Ltd,1,40
city_152,0.698,,No relevent experience,,High School,,3,,,never,56
city_150,0.698,Male,No relevent experience,Full time course,Graduate,STEM,2,,Pvt Ltd,never,16
city_103,0.92,Male,Has relevent experience,no_enrollment,Masters,STEM,>20,100-500,Funded Startup,1,30
city_16,0.91,Male,No relevent experience,no_enrollment,High School,,2,,Pvt Ltd,never,35
city_21,0.624,Male,No relevent experience,Full time course,Graduate,STEM,3,,,,17
city_21,0.624,,Has relevent experience,no_enrollment,Graduate,STEM,,1000-4999,Pvt Ltd,1,36
city_114,0.926,Male,Has relevent experience,no_enrollment,,,>20,100-500,Pvt Ltd,>4,55
city_67,0.855,Male,No relevent experience,no_enrollment,Primary School,,8,,Pvt Ltd,never,22
city_103,0.92,Male,Has relevent experience,no_enrollment,Graduate,STEM,5,500-999,Pvt Ltd,2,60
city_136,0.897,Male,Has relevent experience,no_enrollment,Masters,STEM,5,10000+,Pvt Ltd,3,162
city_138,0.836,,Has relevent experience,no_enrollment,Graduate,STEM,5,50-99,Pvt Ltd,1,8
city_179,0.512,,No relevent experience,Full time course,Graduate,STEM,2,,,never,50
city_126,0.479,,No relevent experience,,Graduate,STEM,1,100-500,Pvt Ltd,1,110
city_105,0.794,,Has relevent experience,no_enrollment,Graduate,STEM,4,,,2,5
city_160,0.92,Female,Has relevent experience,no_enrollment,Graduate,STEM,11,50-99,Pvt Ltd,>4,74
city_16,0.91,Male,Has relevent experience,no_enrollment,Graduate,STEM,>20,50-99,Pvt Ltd,2,118
city_159,0.843,,Has relevent experience,no_enrollment,Graduate,STEM,8,100-500,Pvt Ltd,3,33
city_73,0.754,,Has relevent experience,no_enrollment,Graduate,STEM,7,,,1,27
city_143,0.74,Male,No relevent experience,Full time course,Graduate,STEM,7,,,never,13
city_41,0.8270000000000001,Male,No relevent experience,,,,5,,,never,214
city_150,0.698,Male,Has relevent experience,no_enrollment,Phd,STEM,>20,,,4,20
city_21,0.624,,Has relevent experience,no_enrollment,Masters,STEM,6,10000+,Pvt Ltd,2,139
city_103,0.92,,Has relevent experience,no_enrollment,Masters,STEM,>20,1000-4999,Pvt Ltd,>4,35
city_21,0.624,Male,No relevent experience,Full time course,Graduate,STEM,<1,,,never,70
city_103,0.92,Male,Has relevent experience,no_enrollment,Graduate,Business Degree,5,,,1,32
city_24,0.698,,No relevent experience,,High School,,8,,,never,63
city_21,0.624,Female,No relevent experience,no_enrollment,Graduate,STEM,5,10000+,Pvt Ltd,1,68
city_16,0.91,Male,Has relevent experience,no_enrollment,Graduate,STEM,3,<10,Pvt Ltd,1,90
city_75,0.939,Male,No relevent experience,no_enrollment,Primary School,,3,,,never,52
city_103,0.92,Male,Has relevent experience,no_enrollment,Graduate,STEM,>20,1000-4999,Pvt Ltd,>4,55
city_103,0.92,Male,Has relevent experience,no_enrollment,Graduate,STEM,5,100-500,Pvt Ltd,2,26
city_103,0.92,Male,Has relevent experience,no_enrollment,Graduate,STEM,16,50-99,Funded Startup,2,40
city_16,0.91,Male,No relevent experience,Full time course,Graduate,STEM,2,,,1,82
city_103,0.92,Male,Has relevent experience,no_enrollment,High School,,11,500-999,Pvt Ltd,1,7
city_16,0.91,,Has relevent experience,no_enrollment,Graduate,STEM,13,<10,Pvt Ltd,1,63
city_21,0.624,Male,Has relevent experience,no_enrollment,Phd,STEM,>20,,,2,16
city_21,0.624,Male,Has relevent experience,no_enrollment,Graduate,STEM,17,100-500,Pvt Ltd,3,42
city_173,0.878,Male,Has relevent experience,no_enrollment,Graduate,STEM,>20,,,4,60
city_21,0.624,Male,No relevent experience,no_enrollment,Primary School,,<1,,,never,132
city_103,0.92,Male,Has relevent experience,no_enrollment,Graduate,Humanities,>20,,,3,22
city_11,0.55,,Has relevent experience,no_enrollment,Graduate,STEM,8,,,1,23
city_103,0.92,Other,No relevent experience,Full time course,Graduate,Other,5,<10,NGO,1,2
city_103,0.92,,Has relevent experience,no_enrollment,Phd,STEM,>20,10000+,Pvt Ltd,4,94
city_21,0.624,Female,Has relevent experience,Full time course,Masters,STEM,2,500-999,Pvt Ltd,never,15
city_23,0.899,Male,Has relevent experience,no_enrollment,,,14,1000-4999,Pvt Ltd,2,51
city_16,0.91,Male,Has relevent experience,no_enrollment,High School,,8,50-99,Funded Startup,1,120
city_114,0.926,Male,Has relevent experience,no_enrollment,Masters,STEM,>20,10/49,Funded Startup,4,155
city_16,0.91,Male,Has relevent experience,no_enrollment,High School,,9,,,>4,4
city_16,0.91,,Has relevent experience,no_enrollment,Masters,Other,,50-99,Pvt Ltd,2,40
city_73,0.754,Male,Has relevent experience,no_enrollment,Graduate,STEM,>20,50-99,Pvt Ltd,1,141
city_103,0.92,,No relevent experience,no_enrollment,Primary School,,2,,,never,18
city_103,0.92,Male,Has relevent experience,no_enrollment,Graduate,STEM,>20,,Public Sector,>4,50
city_103,0.92,Male,Has relevent experience,no_enrollment,Masters,STEM,19,10000+,Pvt Ltd,1,32
city_160,0.92,Male,No relevent experience,no_enrollment,Primary School,,3,,,never,138
city_103,0.92,Male,Has relevent experience,no_enrollment,Graduate,STEM,13,<10,Funded Startup,1,127
city_21,0.624,,Has relevent experience,no_enrollment,Graduate,STEM,3,10/49,Pvt Ltd,2,5
city_46,0.762,Male,No relevent experience,no_enrollment,Graduate,STEM,2,100-500,Funded Startup,2,192
city_41,0.8270000000000001,Male,Has relevent experience,no_enrollment,Graduate,STEM,14,,,1,109
city_16,0.91,Male,Has relevent experience,no_enrollment,Masters,Humanities,3,100-500,Pvt Ltd,3,61
city_98,0.949,Other,No relevent experience,Full time course,Graduate,STEM,9,<10,Early Stage Startup,1,59
city_16,0.91,Male,Has relevent experience,no_enrollment,Graduate,STEM,>20,,,1,91
city_103,0.92,Male,Has relevent experience,no_enrollment,Masters,STEM,>20,10000+,Pvt Ltd,>4,33
city_102,0.804,Male,Has relevent experience,no_enrollment,Graduate,Other,>20,,,1,20
city_104,0.924,Male,Has relevent experience,no_enrollment,Graduate,STEM,4,1000-4999,,1,12
city_71,0.884,Male,No relevent experience,Full time course,Graduate,STEM,4,,,1,51
city_114,0.926,Female,No relevent experience,Full time course,High School,,3,5000-9999,Public Sector,1,46
city_116,0.743,Male,Has relevent experience,no_enrollment,Graduate,STEM,10,1000-4999,Pvt Ltd,1,42
city_61,0.913,Male,Has relevent experience,no_enrollment,Masters,STEM,16,100-500,Pvt Ltd,2,80
city_21,0.624,Male,Has relevent experience,Part time course,Graduate,STEM,3,10/49,Pvt Ltd,2,328
city_103,0.92,Male,Has relevent experience,no_enrollment,Graduate,STEM,>20,10000+,Pvt Ltd,>4,98
city_114,0.926,Male,No relevent experience,Full time course,Graduate,STEM,6,,Pvt Ltd,never,16
city_21,0.624,Male,Has relevent experience,no_enrollment,Graduate,STEM,9,10000+,Pvt Ltd,>4,81
city_71,0.884,Male,Has relevent experience,no_enrollment,Graduate,STEM,14,10/49,Funded Startup,1,180
city_16,0.91,Male,Has relevent experience,Full time course,Graduate,STEM,17,10000+,Pvt Ltd,4,61
city_21,0.624,Male,Has relevent experience,,Graduate,STEM,1,,,never,162
city_74,0.579,,No relevent experience,Full time course,Graduate,Other,6,,,never,63
city_103,0.92,Male,No relevent experience,no_enrollment,Graduate,STEM,11,50-99,Pvt Ltd,4,60
city_160,0.92,,Has relevent experience,no_enrollment,,,4,50-99,Early Stage Startup,3,84
city_97,0.925,Male,Has relevent experience,no_enrollment,Graduate,STEM,15,,,1,158
city_70,0.698,Male,Has relevent experience,no_enrollment,Graduate,STEM,7,50-99,Early Stage Startup,2,192
city_103,0.92,Male,No relevent experience,no_enrollment,Graduate,STEM,7,50-99,,1,3
city_16,0.91,,No relevent experience,no_enrollment,Graduate,Arts,2,,,2,21
city_21,0.624,Male,No relevent experience,no_enrollment,High School,,1,,,,69
city_160,0.92,Male,No relevent experience,Full time course,High School,,5,,,1,17
city_103,0.92,Male,Has relevent experience,no_enrollment,Graduate,STEM,19,100-500,Pvt Ltd,1,88
city_160,0.92,Male,Has relevent experience,no_enrollment,Masters,STEM,>20,5000-9999,Pvt Ltd,4,26
city_102,0.804,Male,Has relevent experience,Full time course,Graduate,STEM,4,,,,45
city_21,0.624,,Has relevent experience,,Graduate,STEM,<1,10/49,,,8
city_103,0.92,,Has relevent experience,no_enrollment,Primary School,,13,50-99,Early Stage Startup,2,26
city_19,0.682,Male,No relevent experience,Full time course,Graduate,STEM,2,,,2,8
city_114,0.926,Male,Has relevent experience,no_enrollment,Graduate,STEM,9,,,1,73
city_100,0.887,Male,Has relevent experience,,,,17,500-999,Pvt Ltd,1,45
city_100,0.887,,No relevent experience,no_enrollment,Graduate,STEM,9,100-500,Pvt Ltd,1,144
city_67,0.855,,Has relevent experience,Full time course,High School,,3,50-99,Pvt Ltd,1,163
city_36,0.893,Male,Has relevent experience,no_enrollment,Graduate,STEM,5,10/49,Pvt Ltd,2,55
city_103,0.92,Male,Has relevent experience,no_enrollment,Graduate,STEM,5,50-99,Pvt Ltd,>4,106
city_136,0.897,Male,Has relevent experience,no_enrollment,Masters,STEM,5,50-99,Funded Startup,2,46
city_160,0.92,Male,No relevent experience,Full time course,Graduate,STEM,10,10/49,Pvt Ltd,3,52
city_103,0.92,Female,No relevent experience,no_enrollment,Graduate,STEM,>20,,,>4,202
city_136,0.897,Male,Has relevent experience,no_enrollment,Masters,STEM,15,50-99,Pvt Ltd,1,24
city_21,0.624,Male,Has relevent experience,no_enrollment,Graduate,STEM,3,10000+,Pvt Ltd,1,43
city_21,0.624,Male,Has relevent experience,no_enrollment,Masters,STEM,14,10/49,Pvt Ltd,>4,9
city_159,0.843,Male,Has relevent experience,no_enrollment,Masters,STEM,9,100-500,Pvt Ltd,>4,24
city_71,0.884,,No relevent experience,no_enrollment,Graduate,Business Degree,16,,,>4,80
city_77,0.83,Male,Has relevent experience,no_enrollment,Masters,STEM,10,10/49,Pvt Ltd,1,45
city_42,0.563,Other,Has relevent experience,Full time course,Graduate,Arts,<1,1000-4999,,never,4
city_103,0.92,Female,Has relevent experience,no_enrollment,Graduate,Business Degree,2,50-99,Pvt Ltd,1,222
city_103,0.92,Male,No relevent experience,Part time course,High School,,2,,,1,47
city_74,0.579,,No relevent experience,,Graduate,STEM,2,,,,178
city_173,0.878,Male,Has relevent experience,no_enrollment,Graduate,STEM,6,,,1,20
city_160,0.92,Female,Has relevent experience,no_enrollment,Masters,STEM,11,10000+,Pvt Ltd,2,24
city_16,0.91,Male,Has relevent experience,no_enrollment,Graduate,Humanities,5,10/49,Pvt Ltd,2,49
city_162,0.767,,Has relevent experience,,Graduate,STEM,6,5000-9999,Pvt Ltd,1,77
city_129,0.625,Male,Has relevent experience,no_enrollment,Masters,STEM,14,<10,Pvt Ltd,never,188
city_114,0.926,Male,Has relevent experience,no_enrollment,Masters,STEM,2,100-500,Public Sector,1,29
city_155,0.556,,Has relevent experience,no_enrollment,Graduate,STEM,3,50-99,Pvt Ltd,1,4
city_83,0.923,Male,Has relevent experience,no_enrollment,Graduate,Arts,4,10/49,Pvt Ltd,4,45
city_114,0.926,Male,Has relevent experience,Part time course,High School,,15,<10,Pvt Ltd,1,34
city_123,0.738,Male,Has relevent experience,no_enrollment,Graduate,Humanities,2,,,1,29
city_114,0.926,Female,No relevent experience,Full time course,Graduate,STEM,9,<10,Pvt Ltd,1,56
city_160,0.92,Male,No relevent experience,Full time course,Graduate,STEM,5,,,1,78
city_21,0.624,,Has relevent experience,Full time course,Graduate,STEM,2,50-99,Funded Startup,1,19
city_103,0.92,,Has relevent experience,no_enrollment,Masters,Other,>20,,,>4,90
city_114,0.926,,No relevent experience,Full time course,High School,,9,,,never,63
city_103,0.92,Male,No relevent experience,no_enrollment,Masters,Arts,16,100-500,NGO,>4,63
city_57,0.866,Male,Has relevent experience,Part time course,Masters,STEM,>20,<10,Pvt Ltd,>4,226
city_21,0.624,Male,Has relevent experience,Full time course,Graduate,STEM,11,1000-4999,Pvt Ltd,1,134
city_103,0.92,Male,Has relevent experience,no_enrollment,Graduate,Humanities,>20,,,1,39
city_123,0.738,Male,Has relevent experience,no_enrollment,Graduate,STEM,10,1000-4999,Pvt Ltd,2,21
city_21,0.624,,Has relevent experience,Full time course,Graduate,STEM,,50-99,Pvt Ltd,1,20
city_16,0.91,Male,Has relevent experience,no_enrollment,Masters,STEM,>20,<10,Early Stage Startup,1,23
city_21,0.624,Male,Has relevent experience,no_enrollment,Graduate,STEM,2,<10,Pvt Ltd,1,131
city_97,0.925,Male,Has relevent experience,no_enrollment,Masters,STEM,10,50-99,Pvt Ltd,1,220
city_67,0.855,Male,Has relevent experience,no_enrollment,High School,,2,<10,Pvt Ltd,1,62
city_117,0.698,Male,Has relevent experience,no_enrollment,Masters,STEM,8,5000-9999,Pvt Ltd,4,8
city_102,0.804,Male,No relevent experience,Full time course,Graduate,STEM,3,,,never,73
city_45,0.89,Male,Has relevent experience,Full time course,Graduate,STEM,3,100-500,Pvt Ltd,1,30
city_103,0.92,Male,No relevent experience,Full time course,High School,,4,,,,3
city_179,0.512,Female,Has relevent experience,no_enrollment,Masters,STEM,15,100-500,Pvt Ltd,>4,75
city_21,0.624,,No relevent experience,Full time course,Masters,STEM,9,1000-4999,Public Sector,1,34
city_158,0.7659999999999999,Female,Has relevent experience,no_enrollment,Masters,STEM,14,100-500,Pvt Ltd,1,112
city_157,0.769,Male,Has relevent experience,Part time course,Graduate,STEM,5,10000+,Pvt Ltd,1,11
city_114,0.926,Male,No relevent experience,no_enrollment,High School,,9,,,never,13
city_21,0.624,,Has relevent experience,no_enrollment,Masters,STEM,2,50-99,Pvt Ltd,never,29
city_103,0.92,Male,No relevent experience,no_enrollment,,,3,,,never,92
city_16,0.91,Male,Has relevent experience,no_enrollment,Phd,STEM,>20,10/49,Pvt Ltd,>4,57
city_103,0.92,Male,Has relevent experience,no_enrollment,Graduate,STEM,>20,1000-4999,Pvt Ltd,>4,32
city_21,0.624,,Has relevent experience,Full time course,Graduate,STEM,5,5000-9999,Pvt Ltd,2,4
city_75,0.939,Female,Has relevent experience,no_enrollment,Graduate,STEM,>20,100-500,Pvt Ltd,1,94
city_21,0.624,Male,No relevent experience,Full time course,Masters,STEM,8,,,>4,20
city_21,0.624,,Has relevent experience,no_enrollment,Graduate,STEM,5,50-99,Pvt Ltd,1,304
city_103,0.92,Male,No relevent experience,no_enrollment,High School,,9,,,1,81
city_114,0.926,,No relevent experience,Full time course,Graduate,STEM,1,50-99,Pvt Ltd,1,86
city_160,0.92,Male,Has relevent experience,no_enrollment,Graduate,STEM,11,<10,Funded Startup,1,24
city_21,0.624,Male,No relevent experience,Full time course,Masters,STEM,<1,10000+,Pvt Ltd,2,51
city_41,0.8270000000000001,Male,Has relevent experience,Part time course,Graduate,STEM,5,100-500,NGO,1,94
city_16,0.91,Male,Has relevent experience,no_enrollment,Masters,STEM,>20,10000+,Pvt Ltd,2,39
city_103,0.92,Male,No relevent experience,Full time course,Graduate,STEM,6,,Pvt Ltd,never,56
city_160,0.92,Male,Has relevent experience,Full time course,Graduate,STEM,7,,,1,42
city_61,0.913,Male,No relevent experience,no_enrollment,High School,,16,500-999,Public Sector,>4,60
city_103,0.92,Male,Has relevent experience,Full time course,Graduate,STEM,6,5000-9999,Pvt Ltd,2,26
city_103,0.92,Female,No relevent experience,no_enrollment,Graduate,Humanities,17,100-500,NGO,>4,84
city_145,0.555,Male,No relevent experience,Full time course,High School,,2,,,never,17
city_90,0.698,Male,Has relevent experience,no_enrollment,Masters,STEM,15,,,1,19
city_21,0.624,Male,Has relevent experience,no_enrollment,Graduate,STEM,16,50-99,Pvt Ltd,4,176
city_21,0.624,,Has relevent experience,Full time course,Masters,STEM,5,500-999,Pvt Ltd,2,55
city_103,0.92,Male,Has relevent experience,no_enrollment,Graduate,Other,>20,100-500,Pvt Ltd,2,33
city_114,0.926,Male,No relevent experience,Full time course,High School,,5,,,1,61
city_136,0.897,Male,Has relevent experience,no_enrollment,Masters,STEM,10,,,,9
city_114,0.926,Male,Has relevent experience,no_enrollment,Graduate,STEM,12,50-99,Funded Startup,1,322
city_83,0.923,Male,Has relevent experience,Full time course,High School,,4,,,2,42
city_114,0.926,Male,Has relevent experience,no_enrollment,Masters,STEM,>20,100-500,Pvt Ltd,1,24
city_21,0.624,,Has relevent experience,,Graduate,STEM,2,,Pvt Ltd,never,8
city_11,0.55,Male,Has relevent experience,Full time course,Graduate,STEM,3,,Pvt Ltd,never,56
city_103,0.92,Male,Has relevent experience,no_enrollment,Masters,STEM,5,,,1,103
city_102,0.804,Male,Has relevent experience,no_enrollment,Graduate,STEM,17,50-99,NGO,1,57
city_114,0.926,Male,No relevent experience,no_enrollment,High School,,11,10000+,Pvt Ltd,4,52
city_21,0.624,,Has relevent experience,no_enrollment,Graduate,STEM,5,,,4,56
city_103,0.92,Male,Has relevent experience,no_enrollment,Graduate,STEM,>20,100-500,Pvt Ltd,>4,15
city_103,0.92,Male,Has relevent experience,no_enrollment,Graduate,STEM,16,500-999,Funded Startup,1,44
city_126,0.479,,Has relevent experience,no_enrollment,Primary School,,19,,Pvt Ltd,never,62
city_23,0.899,Male,Has relevent experience,no_enrollment,High School,,9,100-500,Pvt Ltd,2,100
city_103,0.92,Male,Has relevent experience,no_enrollment,Graduate,STEM,>20,100-500,Pvt Ltd,>4,45
city_103,0.92,Male,Has relevent experience,no_enrollment,Graduate,STEM,4,10/49,Pvt Ltd,4,33
city_21,0.624,Male,No relevent experience,Full time course,Graduate,STEM,<1,100-500,Pvt Ltd,1,22
city_114,0.926,Male,Has relevent experience,no_enrollment,Masters,STEM,16,10000+,Pvt Ltd,>4,26
city_91,0.691,Male,Has relevent experience,no_enrollment,Graduate,STEM,>20,10/49,Pvt Ltd,>4,45
city_105,0.794,Female,Has relevent experience,no_enrollment,Masters,STEM,14,<10,Pvt Ltd,4,92
city_21,0.624,,No relevent experience,Full time course,High School,,<1,,,never,32
city_103,0.92,Male,Has relevent experience,no_enrollment,Graduate,STEM,4,<10,Early Stage Startup,1,190
city_150,0.698,,No relevent experience,Full time course,High School,,<1,,,never,23
city_103,0.92,Male,Has relevent experience,no_enrollment,Graduate,STEM,17,10000+,Pvt Ltd,>4,88
city_16,0.91,Female,Has relevent experience,no_enrollment,Graduate,STEM,3,10000+,NGO,2,8
city_21,0.624,Male,No relevent experience,Full time course,Graduate,STEM,1,100-500,Pvt Ltd,1,52
city_16,0.91,Male,Has relevent experience,no_enrollment,Graduate,STEM,16,,,1,15
city_103,0.92,Male,Has relevent experience,no_enrollment,Graduate,STEM,19,,,>4,3
city_90,0.698,Male,Has relevent experience,no_enrollment,Graduate,STEM,2,,,1,112
city_114,0.926,,No relevent experience,no_enrollment,High School,,3,50-99,Pvt Ltd,1,56
city_114,0.926,,Has relevent experience,no_enrollment,Masters,STEM,6,<10,Pvt Ltd,1,15
city_103,0.92,,Has relevent experience,no_enrollment,Graduate,STEM,18,,,1,153
city_16,0.91,Male,Has relevent experience,no_enrollment,Graduate,STEM,12,100-500,Pvt Ltd,4,89
city_159,0.843,Female,Has relevent experience,no_enrollment,Masters,STEM,7,50-99,Pvt Ltd,1,6
city_21,0.624,Male,Has relevent experience,Full time course,Graduate,STEM,1,1000-4999,Pvt Ltd,1,58
city_103,0.92,Male,Has relevent experience,no_enrollment,Graduate,STEM,5,5000-9999,Pvt Ltd,2,6
city_104,0.924,,No relevent experience,Full time course,,,2,<10,Early Stage Startup,never,84
city_103,0.92,Male,Has relevent experience,no_enrollment,Graduate,STEM,>20,1000-4999,Pvt Ltd,>4,70
city_139,0.487,Male,Has relevent experience,no_enrollment,Masters,STEM,19,,,1,52
city_103,0.92,Male,Has relevent experience,no_enrollment,Graduate,STEM,>20,100-500,Pvt Ltd,1,28
city_116,0.743,Male,Has relevent experience,no_enrollment,Primary School,,>20,<10,Funded Startup,1,1
city_102,0.804,Male,No relevent experience,no_enrollment,Graduate,STEM,>20,,,1,89
city_21,0.624,Male,Has relevent experience,Full time course,Graduate,STEM,1,10/49,Public Sector,1,48
city_176,0.764,Male,Has relevent experience,no_enrollment,Graduate,STEM,4,10/49,Pvt Ltd,1,78
city_102,0.804,Female,Has relevent experience,no_enrollment,Masters,STEM,14,<10,Pvt Ltd,>4,92
city_114,0.926,Male,No relevent experience,,High School,,3,,,1,49
city_45,0.89,Male,Has relevent experience,no_enrollment,Graduate,STEM,>20,,,2,106
city_114,0.926,,No relevent experience,Full time course,High School,,3,10000+,Pvt Ltd,2,14
city_16,0.91,Male,Has relevent experience,no_enrollment,Graduate,STEM,8,10/49,Funded Startup,1,104
city_14,0.698,Male,Has relevent experience,no_enrollment,Masters,STEM,14,<10,Pvt Ltd,2,16
city_65,0.802,,No relevent experience,Full time course,Graduate,STEM,2,,,never,43
city_103,0.92,Male,Has relevent experience,no_enrollment,Graduate,STEM,12,1000-4999,Pvt Ltd,>4,80
city_21,0.624,Male,Has relevent experience,no_enrollment,Graduate,STEM,3,1000-4999,Pvt Ltd,2,258
city_91,0.691,Male,No relevent experience,no_enrollment,High School,,7,,,1,138
city_21,0.624,Male,Has relevent experience,Full time course,Graduate,STEM,4,100-500,NGO,1,43
city_114,0.926,Other,Has relevent experience,Part time course,High School,,3,1000-4999,Pvt Ltd,never,34
city_103,0.92,Male,Has relevent experience,no_enrollment,Graduate,STEM,2,500-999,Pvt Ltd,2,45
city_103,0.92,Male,Has relevent experience,no_enrollment,Graduate,STEM,10,5000-9999,Pvt Ltd,1,20
city_136,0.897,Male,Has relevent experience,,Masters,STEM,9,10000+,Pvt Ltd,>4,42
city_65,0.802,Male,Has relevent experience,no_enrollment,Masters,STEM,>20,500-999,Pvt Ltd,2,158
city_103,0.92,Male,Has relevent experience,no_enrollment,Graduate,STEM,15,,,3,14
city_102,0.804,Male,Has relevent experience,Full time course,High School,,10,5000-9999,,1,69
city_21,0.624,Male,Has relevent experience,Full time course,Graduate,STEM,4,100-500,Pvt Ltd,4,4
city_16,0.91,Male,Has relevent experience,no_enrollment,Graduate,STEM,>20,10/49,Pvt Ltd,>4,84
city_71,0.884,,Has relevent experience,no_enrollment,Graduate,STEM,6,50-99,Pvt Ltd,1,29
city_21,0.624,Male,Has relevent experience,no_enrollment,Graduate,STEM,10,,,never,28
city_136,0.897,,Has relevent experience,no_enrollment,Masters,STEM,10,10/49,Pvt Ltd,2,23
city_16,0.91,Male,Has relevent experience,no_enrollment,Graduate,STEM,14,50-99,Pvt Ltd,1,32
city_114,0.926,Male,No relevent experience,Full time course,Graduate,STEM,10,<10,Pvt Ltd,2,58
city_103,0.92,Male,Has relevent experience,no_enrollment,Graduate,STEM,17,10000+,Pvt Ltd,3,155
city_103,0.92,Male,No relevent experience,no_enrollment,Graduate,STEM,15,10000+,Pvt Ltd,2,19
city_73,0.754,Male,No relevent experience,Full time course,High School,,3,,,never,65
city_21,0.624,Female,Has relevent experience,Full time course,Graduate,STEM,19,,,1,28
city_8,0.698,Female,No relevent experience,Full time course,Masters,STEM,4,,,1,72
city_103,0.92,Male,Has relevent experience,no_enrollment,Graduate,STEM,18,10000+,Pvt Ltd,>4,56
city_21,0.624,,No relevent experience,Part time course,Graduate,STEM,10,100-500,NGO,1,107
city_16,0.91,,Has relevent experience,no_enrollment,Graduate,STEM,8,10/49,Pvt Ltd,1,37
city_162,0.767,Male,Has relevent experience,Part time course,Graduate,STEM,11,100-500,Pvt Ltd,3,36
city_103,0.92,Female,Has relevent experience,no_enrollment,Graduate,No Major,15,50-99,Funded Startup,2,48
city_103,0.92,Male,No relevent experience,no_enrollment,Graduate,Arts,7,50-99,Funded Startup,1,103
city_103,0.92,Male,No relevent experience,Part time course,Graduate,STEM,6,10000+,Pvt Ltd,>4,57
city_75,0.939,Male,No relevent experience,Full time course,Graduate,STEM,10,,,1,30
city_71,0.884,Female,Has relevent experience,no_enrollment,Graduate,STEM,5,10/49,Funded Startup,1,94
city_46,0.762,,Has relevent experience,Part time course,Graduate,STEM,9,,,1,54
city_103,0.92,Male,Has relevent experience,no_enrollment,Graduate,STEM,20,,,>4,26
city_136,0.897,,Has relevent experience,Part time course,Masters,STEM,3,10000+,Pvt Ltd,1,66
city_103,0.92,Male,Has relevent experience,no_enrollment,Graduate,STEM,>20,5000-9999,Pvt Ltd,1,63
city_136,0.897,,Has relevent experience,Part time course,Graduate,STEM,4,100-500,Pvt Ltd,,39
city_162,0.767,Male,Has relevent experience,Part time course,Graduate,STEM,10,50-99,Pvt Ltd,2,308
city_103,0.92,,No relevent experience,Part time course,Graduate,STEM,2,50-99,Public Sector,2,31
city_33,0.4479999999999999,,No relevent experience,Part time course,Masters,Other,2,<10,NGO,1,23
city_71,0.884,Male,Has relevent experience,no_enrollment,Graduate,STEM,>20,100-500,Pvt Ltd,>4,19
city_46,0.762,Male,Has relevent experience,no_enrollment,Graduate,STEM,>20,,,>4,67
city_136,0.897,Male,Has relevent experience,no_enrollment,Masters,STEM,>20,,,1,90
city_136,0.897,Male,Has relevent experience,no_enrollment,Masters,STEM,17,1000-4999,Pvt Ltd,>4,92
city_41,0.8270000000000001,Male,No relevent experience,no_enrollment,High School,,10,,,1,109
city_28,0.939,Male,Has relevent experience,no_enrollment,Graduate,STEM,17,10000+,Pvt Ltd,1,32
city_114,0.926,Male,Has relevent experience,no_enrollment,Masters,STEM,>20,10000+,Pvt Ltd,2,139
city_103,0.92,Male,Has relevent experience,no_enrollment,Graduate,STEM,7,100-500,Pvt Ltd,4,22
city_149,0.6890000000000001,Male,Has relevent experience,no_enrollment,,,17,,,never,182
city_21,0.624,Male,No relevent experience,Full time course,,,2,,,1,304
city_159,0.843,Male,No relevent experience,Full time course,High School,,1,,Pvt Ltd,never,74
city_160,0.92,,Has relevent experience,no_enrollment,Graduate,STEM,10,<10,Pvt Ltd,2,53
city_136,0.897,Female,Has relevent experience,no_enrollment,Masters,STEM,2,1000-4999,Pvt Ltd,1,56
city_64,0.6659999999999999,Male,Has relevent experience,no_enrollment,Graduate,STEM,10,50-99,Pvt Ltd,1,38
city_103,0.92,Male,Has relevent experience,Part time course,Graduate,STEM,7,,Public Sector,2,310
city_149,0.6890000000000001,,No relevent experience,no_enrollment,Graduate,STEM,4,,,1,54
city_100,0.887,,No relevent experience,no_enrollment,Masters,STEM,8,,,2,88
city_160,0.92,Male,Has relevent experience,no_enrollment,Masters,STEM,>20,10000+,Pvt Ltd,1,256
city_11,0.55,,Has relevent experience,no_enrollment,Masters,STEM,16,50-99,Pvt Ltd,>4,12
city_21,0.624,Male,Has relevent experience,no_enrollment,Masters,STEM,6,10/49,Early Stage Startup,1,83
city_104,0.924,,Has relevent experience,Full time course,Graduate,STEM,11,50-99,Pvt Ltd,4,10
city_100,0.887,Male,No relevent experience,no_enrollment,High School,,2,,,never,10
city_114,0.926,,Has relevent experience,no_enrollment,Masters,STEM,>20,,Pvt Ltd,>4,61
city_11,0.55,Male,Has relevent experience,Full time course,Graduate,STEM,16,<10,Early Stage Startup,2,30
city_50,0.8959999999999999,Male,No relevent experience,Full time course,Masters,STEM,10,,,4,34
city_103,0.92,Male,Has relevent experience,no_enrollment,Graduate,STEM,4,50-99,Pvt Ltd,1,58
city_19,0.682,Female,Has relevent experience,no_enrollment,Graduate,STEM,7,<10,Funded Startup,4,18
city_162,0.767,Male,Has relevent experience,no_enrollment,Graduate,Humanities,2,<10,Pvt Ltd,1,75
city_114,0.926,Male,Has relevent experience,no_enrollment,Graduate,STEM,>20,100-500,Pvt Ltd,>4,72
city_118,0.722,Male,Has relevent experience,no_enrollment,Graduate,STEM,14,100-500,Pvt Ltd,4,4
city_103,0.92,Male,Has relevent experience,no_enrollment,Graduate,STEM,14,<10,Pvt Ltd,1,120
city_50,0.8959999999999999,Male,Has relevent experience,no_enrollment,Graduate,STEM,9,<10,Pvt Ltd,4,59
city_11,0.55,Male,Has relevent experience,Full time course,Graduate,STEM,4,,,4,51
city_103,0.92,Male,No relevent experience,no_enrollment,Primary School,,2,,,2,28
city_24,0.698,Male,Has relevent experience,no_enrollment,Masters,STEM,9,,,>4,96
city_67,0.855,,Has relevent experience,no_enrollment,Graduate,STEM,15,50-99,Pvt Ltd,3,64
city_83,0.923,Male,Has relevent experience,no_enrollment,Graduate,STEM,11,5000-9999,Pvt Ltd,1,40
city_103,0.92,Male,Has relevent experience,no_enrollment,Graduate,STEM,>20,10000+,Pvt Ltd,>4,56
city_10,0.895,,Has relevent experience,Full time course,Masters,STEM,4,50-99,Funded Startup,2,13
city_134,0.698,,No relevent experience,no_enrollment,,,,,,never,33
city_103,0.92,Male,No relevent experience,no_enrollment,,,<1,,,never,79
city_103,0.92,Male,Has relevent experience,no_enrollment,Graduate,STEM,6,50-99,Pvt Ltd,1,55
city_16,0.91,Male,Has relevent experience,no_enrollment,Graduate,STEM,6,500-999,Pvt Ltd,3,125
city_78,0.579,Male,No relevent experience,no_enrollment,Graduate,STEM,3,10000+,Pvt Ltd,never,68
city_149,0.6890000000000001,,Has relevent experience,no_enrollment,Graduate,STEM,12,10/49,,4,105
city_160,0.92,,No relevent experience,no_enrollment,Masters,STEM,>20,10000+,Public Sector,2,11
city_103,0.92,Male,Has relevent experience,no_enrollment,Graduate,STEM,>20,50-99,Funded Startup,>4,46
city_71,0.884,Male,No relevent experience,Part time course,Masters,STEM,3,<10,Public Sector,never,22
city_160,0.92,,Has relevent experience,Full time course,Graduate,STEM,11,50-99,Pvt Ltd,1,170
city_16,0.91,,No relevent experience,Full time course,High School,,3,<10,Early Stage Startup,1,66
city_103,0.92,Male,Has relevent experience,no_enrollment,Graduate,STEM,9,,,1,42
city_21,0.624,,Has relevent experience,no_enrollment,Masters,Other,5,100-500,Pvt Ltd,1,21
city_160,0.92,Male,Has relevent experience,no_enrollment,Graduate,STEM,11,100-500,Pvt Ltd,2,190
city_103,0.92,Male,Has relevent experience,no_enrollment,Graduate,STEM,3,1000-4999,Pvt Ltd,2,5
city_21,0.624,,Has relevent experience,Full time course,Graduate,STEM,4,500-999,Pvt Ltd,,46
city_21,0.624,Male,No relevent experience,Full time course,Graduate,STEM,4,,Pvt Ltd,never,48
city_103,0.92,,Has relevent experience,no_enrollment,Graduate,STEM,18,500-999,Pvt Ltd,>4,94
city_114,0.926,Male,No relevent experience,Full time course,Masters,STEM,4,10/49,Public Sector,4,40
city_16,0.91,Female,Has relevent experience,no_enrollment,Graduate,STEM,4,,,1,108
city_65,0.802,Male,Has relevent experience,no_enrollment,Graduate,STEM,12,,,1,127
city_16,0.91,Male,No relevent experience,Part time course,Graduate,STEM,7,50-99,Pvt Ltd,2,62
city_16,0.91,Male,No relevent experience,no_enrollment,High School,,8,10000+,Pvt Ltd,>4,188
city_21,0.624,,No relevent experience,,Graduate,STEM,4,10/49,Pvt Ltd,2,14
city_26,0.698,Male,Has relevent experience,no_enrollment,Graduate,STEM,12,500-999,Pvt Ltd,>4,79
city_104,0.924,,Has relevent experience,no_enrollment,Graduate,STEM,7,10/49,Early Stage Startup,1,48
city_36,0.893,Male,Has relevent experience,no_enrollment,Graduate,STEM,>20,,,2,19
city_45,0.89,Male,No relevent experience,Part time course,Graduate,No Major,3,<10,Pvt Ltd,1,24
city_114,0.926,Male,Has relevent experience,no_enrollment,Graduate,Other,10,<10,Pvt Ltd,1,39
city_103,0.92,Male,Has relevent experience,no_enrollment,Graduate,STEM,16,50-99,Pvt Ltd,2,83
city_103,0.92,Male,Has relevent experience,no_enrollment,Graduate,STEM,10,10000+,Pvt Ltd,3,33
city_103,0.92,Male,Has relevent experience,no_enrollment,Graduate,Humanities,17,100-500,Pvt Ltd,1,23
city_10,0.895,Male,Has relevent experience,no_enrollment,Graduate,STEM,15,<10,Pvt Ltd,2,43
city_103,0.92,Male,No relevent experience,no_enrollment,Primary School,,5,,,never,44
city_46,0.762,,Has relevent experience,no_enrollment,Graduate,STEM,17,1000-4999,Pvt Ltd,2,11
city_103,0.92,Male,Has relevent experience,no_enrollment,Graduate,STEM,>20,,,2,54
city_136,0.897,Male,Has relevent experience,Full time course,Masters,STEM,<1,,,2,14
city_103,0.92,,No relevent experience,Full time course,Graduate,STEM,1,,,1,52
city_138,0.836,,Has relevent experience,no_enrollment,Masters,No Major,7,50-99,Pvt Ltd,2,17
city_57,0.866,Male,No relevent experience,no_enrollment,Graduate,STEM,10,,,1,50
city_103,0.92,Male,No relevent experience,Full time course,Graduate,STEM,2,10/49,Public Sector,1,336
city_71,0.884,Male,Has relevent experience,no_enrollment,Graduate,STEM,15,<10,Early Stage Startup,1,54
city_16,0.91,Other,No relevent experience,Full time course,Graduate,STEM,8,,,1,53
city_103,0.92,Male,Has relevent experience,no_enrollment,High School,,6,10/49,Pvt Ltd,>4,62
city_160,0.92,Male,Has relevent experience,no_enrollment,Graduate,Humanities,>20,10/49,Early Stage Startup,>4,64
city_10,0.895,Male,Has relevent experience,no_enrollment,Masters,STEM,19,100-500,Pvt Ltd,2,14
city_61,0.913,Male,No relevent experience,Full time course,Graduate,STEM,3,,,1,15
city_41,0.8270000000000001,Male,Has relevent experience,Part time course,Graduate,STEM,14,,,1,44
city_104,0.924,Male,Has relevent experience,no_enrollment,Graduate,Other,>20,,,1,69
city_40,0.7759999999999999,Male,Has relevent experience,no_enrollment,Masters,STEM,7,50-99,,1,25
city_160,0.92,,Has relevent experience,no_enrollment,Graduate,STEM,>20,,,2,109
city_21,0.624,Male,Has relevent experience,no_enrollment,Graduate,STEM,>20,100-500,Pvt Ltd,1,122
city_21,0.624,,No relevent experience,Part time course,High School,,1,,,never,232
city_103,0.92,Male,Has relevent experience,no_enrollment,Graduate,STEM,15,10/49,Other,>4,30
city_16,0.91,Male,Has relevent experience,Full time course,Graduate,STEM,6,<10,Pvt Ltd,2,151
city_70,0.698,Male,No relevent experience,no_enrollment,,,<1,,,never,14
city_21,0.624,Male,Has relevent experience,Full time course,Masters,STEM,11,100-500,Pvt Ltd,4,7
city_103,0.92,Male,No relevent experience,Part time course,,,9,,,2,77
city_103,0.92,Male,Has relevent experience,no_enrollment,Graduate,STEM,7,50-99,Pvt Ltd,2,100
city_16,0.91,Male,Has relevent experience,no_enrollment,Masters,STEM,>20,,,1,51
city_39,0.898,,Has relevent experience,no_enrollment,Graduate,STEM,>20,50-99,Pvt Ltd,>4,146
city_103,0.92,Male,Has relevent experience,no_enrollment,Graduate,STEM,12,50-99,Pvt Ltd,4,52
city_103,0.92,Male,Has relevent experience,no_enrollment,Masters,STEM,18,5000-9999,Pvt Ltd,1,11
city_16,0.91,Male,Has relevent experience,no_enrollment,Graduate,STEM,>20,100-500,Pvt Ltd,1,116
city_21,0.624,Male,Has relevent experience,Full time course,Graduate,STEM,7,100-500,Funded Startup,2,53
city_102,0.804,,Has relevent experience,no_enrollment,Masters,STEM,15,,Pvt Ltd,1,64
city_16,0.91,,Has relevent experience,no_enrollment,Graduate,STEM,5,10/49,Pvt Ltd,1,117
city_21,0.624,Male,Has relevent experience,no_enrollment,Graduate,STEM,8,10/49,Early Stage Startup,2,90
city_42,0.563,Male,Has relevent experience,no_enrollment,Graduate,STEM,>20,,,1,56
city_136,0.897,,No relevent experience,Full time course,Graduate,No Major,2,1000-4999,Pvt Ltd,1,68
city_103,0.92,Male,Has relevent experience,no_enrollment,Graduate,STEM,2,100-500,Pvt Ltd,2,45
city_103,0.92,Male,Has relevent experience,no_enrollment,Masters,STEM,>20,10000+,Pvt Ltd,4,4
city_103,0.92,Male,Has relevent experience,Full time course,Graduate,STEM,16,100-500,Funded Startup,1,101
city_21,0.624,Male,No relevent experience,Full time course,Graduate,STEM,3,,,never,53
city_103,0.92,Male,Has relevent experience,no_enrollment,Graduate,STEM,>20,<10,Funded Startup,>4,27
city_123,0.738,Male,No relevent experience,no_enrollment,High School,,>20,,,1,56
city_103,0.92,Other,Has relevent experience,no_enrollment,Graduate,STEM,16,100-500,Pvt Ltd,never,142
city_16,0.91,,Has relevent experience,no_enrollment,Graduate,STEM,4,50-99,Pvt Ltd,2,20
city_103,0.92,Male,Has relevent experience,no_enrollment,Graduate,STEM,8,500-999,Public Sector,1,30
city_105,0.794,Female,Has relevent experience,Full time course,Graduate,STEM,10,50-99,,>4,36
city_16,0.91,Male,Has relevent experience,no_enrollment,Graduate,Other,10,,,>4,116
city_103,0.92,,Has relevent experience,no_enrollment,Graduate,Business Degree,3,1000-4999,Pvt Ltd,2,2
city_73,0.754,Male,Has relevent experience,no_enrollment,Masters,STEM,7,50-99,Pvt Ltd,>4,41
city_45,0.89,,Has relevent experience,Part time course,Masters,STEM,8,50-99,Public Sector,2,81
city_16,0.91,,Has relevent experience,no_enrollment,Graduate,Humanities,5,50-99,Pvt Ltd,1,12
city_128,0.527,Male,No relevent experience,Full time course,High School,,4,,Pvt Ltd,never,56
city_103,0.92,Male,Has relevent experience,no_enrollment,Masters,STEM,>20,100-500,Funded Startup,2,106
city_158,0.7659999999999999,,No relevent experience,Full time course,Graduate,STEM,7,,,1,54
city_103,0.92,Male,Has relevent experience,no_enrollment,Graduate,STEM,7,10000+,Pvt Ltd,4,100
city_103,0.92,Male,Has relevent experience,no_enrollment,Graduate,STEM,>20,,,>4,10
city_103,0.92,Male,Has relevent experience,no_enrollment,Graduate,STEM,>20,10/49,Funded Startup,4,48
city_21,0.624,Male,Has relevent experience,no_enrollment,High School,,12,,,2,135
city_160,0.92,Male,No relevent experience,Full time course,Graduate,STEM,5,,,1,190
city_103,0.92,Male,No relevent experience,Full time course,Graduate,STEM,8,,,1,88
city_59,0.775,Male,Has relevent experience,Part time course,Graduate,STEM,>20,5000-9999,Public Sector,1,44
city_103,0.92,Male,Has relevent experience,no_enrollment,Graduate,STEM,16,5000-9999,Pvt Ltd,>4,10
city_103,0.92,Male,Has relevent experience,no_enrollment,Graduate,STEM,>20,50-99,Pvt Ltd,2,20
city_21,0.624,Female,Has relevent experience,,Graduate,STEM,12,50-99,Pvt Ltd,never,10
city_160,0.92,Male,Has relevent experience,no_enrollment,Graduate,STEM,16,1000-4999,Public Sector,>4,54
city_114,0.926,Male,No relevent experience,Full time course,High School,,7,500-999,Pvt Ltd,1,33
city_160,0.92,,No relevent experience,no_enrollment,Primary School,,3,50-99,Pvt Ltd,1,336
city_136,0.897,Male,Has relevent experience,no_enrollment,Masters,STEM,1,,,1,76
city_21,0.624,Male,Has relevent experience,no_enrollment,Graduate,STEM,15,1000-4999,Pvt Ltd,2,166
city_128,0.527,,Has relevent experience,Full time course,Graduate,STEM,4,,,1,104
city_103,0.92,,No relevent experience,Part time course,Graduate,STEM,<1,100-500,,never,74
city_91,0.691,Male,No relevent experience,no_enrollment,Masters,STEM,10,10000+,Pvt Ltd,2,86
city_165,0.903,Male,Has relevent experience,no_enrollment,Masters,STEM,19,100-500,Pvt Ltd,4,4
city_103,0.92,Male,Has relevent experience,no_enrollment,Graduate,STEM,20,,,1,24
city_160,0.92,Male,Has relevent experience,no_enrollment,Graduate,STEM,9,100-500,Pvt Ltd,3,43
city_103,0.92,Male,No relevent experience,no_enrollment,Graduate,Business Degree,7,100-500,Funded Startup,1,39
city_103,0.92,Male,Has relevent experience,Full time course,Graduate,STEM,<1,50-99,,1,53
city_104,0.924,Male,Has relevent experience,no_enrollment,Masters,STEM,>20,100-500,Funded Startup,3,73
city_21,0.624,,Has relevent experience,Full time course,Graduate,STEM,1,50-99,Pvt Ltd,1,3
city_10,0.895,Male,Has relevent experience,no_enrollment,Masters,STEM,>20,,,1,111
city_103,0.92,Male,Has relevent experience,no_enrollment,Graduate,STEM,>20,10000+,Pvt Ltd,>4,143
city_67,0.855,Female,No relevent experience,no_enrollment,Masters,STEM,3,,,2,124
city_114,0.926,Male,Has relevent experience,no_enrollment,Masters,STEM,17,100-500,Pvt Ltd,>4,103
city_136,0.897,Male,No relevent experience,Full time course,Graduate,STEM,7,,,,128
city_126,0.479,,No relevent experience,Full time course,Graduate,Other,3,,,3,11
city_138,0.836,Male,Has relevent experience,no_enrollment,Masters,STEM,15,50-99,Pvt Ltd,2,124
city_128,0.527,Male,Has relevent experience,no_enrollment,Graduate,STEM,8,100-500,Pvt Ltd,2,58
city_103,0.92,,Has relevent experience,no_enrollment,Graduate,STEM,16,100-500,,,99
city_41,0.8270000000000001,,Has relevent experience,no_enrollment,Graduate,STEM,9,100-500,Public Sector,2,6
city_23,0.899,Female,Has relevent experience,no_enrollment,Graduate,STEM,9,10/49,Funded Startup,1,41
city_114,0.926,Male,Has relevent experience,no_enrollment,Graduate,STEM,>20,,,1,57
city_21,0.624,Male,Has relevent experience,no_enrollment,Graduate,STEM,5,50-99,Pvt Ltd,1,3
city_26,0.698,Male,Has relevent experience,,Graduate,STEM,14,50-99,Pvt Ltd,2,32
city_21,0.624,,No relevent experience,no_enrollment,,,5,,,1,77
city_114,0.926,,No relevent experience,no_enrollment,Masters,STEM,16,<10,Pvt Ltd,1,31
city_103,0.92,Female,No relevent experience,no_enrollment,Graduate,STEM,2,,,2,94
city_19,0.682,Male,Has relevent experience,no_enrollment,Graduate,STEM,5,1000-4999,,never,192
city_103,0.92,,No relevent experience,Full time course,Graduate,STEM,8,,Public Sector,1,196
city_114,0.926,Female,Has relevent experience,Full time course,Masters,STEM,16,1000-4999,Public Sector,2,14
city_103,0.92,Male,No relevent experience,Full time course,Graduate,STEM,6,50-99,Public Sector,1,19
city_69,0.856,,Has relevent experience,no_enrollment,Masters,Other,7,50-99,Pvt Ltd,1,95
city_159,0.843,,No relevent experience,Full time course,Graduate,STEM,5,,,never,13
city_67,0.855,Female,No relevent experience,no_enrollment,Masters,Humanities,3,50-99,Pvt Ltd,2,9
city_165,0.903,Male,Has relevent experience,no_enrollment,Masters,STEM,6,,,1,108
city_123,0.738,Male,No relevent experience,no_enrollment,Phd,STEM,>20,,,>4,50
city_103,0.92,Male,Has relevent experience,no_enrollment,Graduate,STEM,>20,1000-4999,Pvt Ltd,>4,50
city_160,0.92,Male,Has relevent experience,no_enrollment,Graduate,STEM,>20,10/49,Pvt Ltd,1,55
city_73,0.754,Male,No relevent experience,Part time course,Graduate,STEM,7,,Public Sector,1,9
city_103,0.92,Male,Has relevent experience,no_enrollment,Phd,STEM,>20,100-500,Pvt Ltd,>4,128
city_136,0.897,,Has relevent experience,no_enrollment,Graduate,STEM,11,1000-4999,,1,3
city_73,0.754,,Has relevent experience,no_enrollment,High School,,>20,10000+,Public Sector,2,116
city_103,0.92,Male,Has relevent experience,no_enrollment,Graduate,STEM,>20,100-500,Pvt Ltd,>4,53
city_73,0.754,Male,Has relevent experience,no_enrollment,Graduate,STEM,19,,,>4,80
city_104,0.924,Male,Has relevent experience,no_enrollment,Masters,STEM,8,10000+,Pvt Ltd,1,42
city_103,0.92,Male,Has relevent experience,no_enrollment,Graduate,STEM,4,10000+,Pvt Ltd,1,118
city_136,0.897,Male,Has relevent experience,no_enrollment,Masters,STEM,10,50-99,Funded Startup,1,158
city_73,0.754,Male,Has relevent experience,no_enrollment,Masters,STEM,17,,,2,10
city_54,0.856,,Has relevent experience,no_enrollment,Graduate,STEM,5,50-99,Pvt Ltd,never,100
city_65,0.802,,No relevent experience,Full time course,High School,,<1,,,1,73
city_114,0.926,Male,Has relevent experience,no_enrollment,Masters,STEM,>20,10000+,Pvt Ltd,1,66
city_103,0.92,Male,Has relevent experience,no_enrollment,Graduate,STEM,>20,10/49,Funded Startup,1,105
city_21,0.624,Male,Has relevent experience,Full time course,Graduate,STEM,11,100-500,Pvt Ltd,1,76
city_103,0.92,Male,Has relevent experience,no_enrollment,Graduate,STEM,17,1000-4999,Pvt Ltd,1,74
city_61,0.913,Male,No relevent experience,no_enrollment,Masters,STEM,>20,10000+,Pvt Ltd,>4,124
city_103,0.92,Male,Has relevent experience,no_enrollment,Masters,STEM,>20,1000-4999,Pvt Ltd,>4,43
city_114,0.926,Male,Has relevent experience,no_enrollment,Masters,Other,7,100-500,Pvt Ltd,1,62
city_16,0.91,Male,Has relevent experience,no_enrollment,Graduate,STEM,>20,,,>4,41
city_144,0.84,Male,Has relevent experience,no_enrollment,Masters,STEM,10,,Pvt Ltd,4,69
city_114,0.926,Male,No relevent experience,Part time course,Graduate,Business Degree,<1,10000+,Pvt Ltd,2,14
city_28,0.939,Other,No relevent experience,no_enrollment,High School,,4,50-99,,2,12
city_21,0.624,Female,No relevent experience,Full time course,High School,,3,,,never,42
city_152,0.698,,Has relevent experience,no_enrollment,Graduate,STEM,>20,100-500,Pvt Ltd,>4,36
city_100,0.887,Male,Has relevent experience,no_enrollment,Masters,Humanities,>20,100-500,Pvt Ltd,>4,48
city_28,0.939,Male,Has relevent experience,no_enrollment,Masters,STEM,10,1000-4999,Pvt Ltd,1,114
city_99,0.915,,Has relevent experience,no_enrollment,Graduate,STEM,6,50-99,Pvt Ltd,1,74
city_159,0.843,Male,Has relevent experience,no_enrollment,Masters,STEM,8,,,1,16
city_23,0.899,Male,Has relevent experience,no_enrollment,Graduate,Humanities,>20,100-500,Funded Startup,>4,32
city_12,0.64,Male,Has relevent experience,no_enrollment,Graduate,Arts,8,50-99,,1,6
city_106,0.698,Male,No relevent experience,Part time course,Graduate,STEM,5,,,3,22
city_75,0.939,Male,Has relevent experience,no_enrollment,Masters,STEM,7,100-500,Pvt Ltd,1,112
city_114,0.926,Male,Has relevent experience,no_enrollment,Masters,STEM,11,1000-4999,Pvt Ltd,1,12
city_90,0.698,,Has relevent experience,Full time course,Graduate,STEM,7,<10,NGO,1,90
city_1,0.847,,No relevent experience,Full time course,Graduate,STEM,6,50-99,,1,122
city_65,0.802,Male,Has relevent experience,no_enrollment,Graduate,STEM,>20,50-99,Pvt Ltd,1,11
city_28,0.939,Male,No relevent experience,no_enrollment,High School,,1,50-99,Public Sector,1,99
city_21,0.624,Male,No relevent experience,Full time course,Graduate,STEM,5,,,never,13
city_136,0.897,,No relevent experience,Full time course,Graduate,STEM,7,,,1,86
city_21,0.624,Male,Has relevent experience,Full time course,Graduate,STEM,1,50-99,Pvt Ltd,never,10
city_36,0.893,Male,Has relevent experience,no_enrollment,Graduate,No Major,14,50-99,Early Stage Startup,4,80
city_16,0.91,,Has relevent experience,no_enrollment,Masters,STEM,8,50-99,Pvt Ltd,1,79
city_16,0.91,Male,Has relevent experience,no_enrollment,Masters,STEM,16,10/49,Pvt Ltd,1,144
city_16,0.91,,No relevent experience,,,,<1,,,2,111
city_21,0.624,,Has relevent experience,no_enrollment,Graduate,STEM,5,100-500,Pvt Ltd,1,74
city_103,0.92,Female,Has relevent experience,no_enrollment,Graduate,STEM,11,5000-9999,Pvt Ltd,1,110
city_103,0.92,Male,No relevent experience,Full time course,Graduate,Business Degree,3,10000+,Pvt Ltd,2,41
city_64,0.6659999999999999,,Has relevent experience,no_enrollment,Graduate,STEM,4,<10,Pvt Ltd,3,40
city_114,0.926,Male,Has relevent experience,Full time course,Graduate,STEM,9,5000-9999,Public Sector,1,37
city_64,0.6659999999999999,Male,No relevent experience,Full time course,High School,,2,,,never,44
city_128,0.527,,Has relevent experience,no_enrollment,Graduate,STEM,9,50-99,Pvt Ltd,4,16
city_114,0.926,Male,No relevent experience,Full time course,Graduate,STEM,6,,Pvt Ltd,never,71
city_100,0.887,Male,No relevent experience,Full time course,High School,,4,,,never,23
city_103,0.92,Male,Has relevent experience,no_enrollment,Graduate,STEM,5,50-99,Pvt Ltd,never,153
city_23,0.899,,Has relevent experience,no_enrollment,Graduate,STEM,6,500-999,,2,28
city_67,0.855,Male,No relevent experience,no_enrollment,Masters,STEM,>20,10/49,Funded Startup,>4,78
city_103,0.92,Male,Has relevent experience,no_enrollment,Graduate,STEM,>20,50-99,Pvt Ltd,>4,24
city_160,0.92,Male,Has relevent experience,no_enrollment,Graduate,STEM,16,10/49,Pvt Ltd,>4,134
city_103,0.92,Male,Has relevent experience,no_enrollment,Graduate,STEM,12,50-99,Public Sector,2,42
city_23,0.899,Female,Has relevent experience,no_enrollment,Masters,STEM,16,10000+,Pvt Ltd,>4,50
city_103,0.92,Other,Has relevent experience,no_enrollment,Graduate,STEM,<1,,,2,55
city_114,0.926,Male,Has relevent experience,no_enrollment,Graduate,STEM,11,100-500,Pvt Ltd,4,21
city_90,0.698,Male,Has relevent experience,no_enrollment,Graduate,STEM,10,<10,Pvt Ltd,1,8
city_104,0.924,Male,Has relevent experience,no_enrollment,Masters,STEM,10,10/49,Pvt Ltd,1,13
city_160,0.92,Male,Has relevent experience,no_enrollment,Graduate,STEM,12,50-99,Pvt Ltd,>4,192
city_114,0.926,Female,Has relevent experience,no_enrollment,Graduate,STEM,19,10/49,Pvt Ltd,4,70
city_67,0.855,Male,No relevent experience,Full time course,Graduate,STEM,2,,,never,25
city_99,0.915,Female,Has relevent experience,no_enrollment,Graduate,STEM,>20,,,>4,57
city_100,0.887,Male,No relevent experience,no_enrollment,High School,,1,,,1,51
city_103,0.92,Male,Has relevent experience,no_enrollment,Graduate,STEM,4,50-99,Pvt Ltd,4,22
city_114,0.926,Male,No relevent experience,Part time course,High School,,6,50-99,Pvt Ltd,2,108
city_21,0.624,Male,No relevent experience,Full time course,Masters,STEM,4,,,never,166
city_13,0.8270000000000001,,Has relevent experience,no_enrollment,Graduate,STEM,3,100-500,Pvt Ltd,1,47
city_19,0.682,,Has relevent experience,no_enrollment,Graduate,STEM,4,500-999,,,12
city_71,0.884,Male,Has relevent experience,no_enrollment,High School,,10,50-99,Pvt Ltd,2,6
city_21,0.624,Male,Has relevent experience,no_enrollment,Graduate,STEM,9,1000-4999,Pvt Ltd,never,8
city_64,0.6659999999999999,Male,Has relevent experience,no_enrollment,Graduate,No Major,5,50-99,Pvt Ltd,3,26
city_114,0.926,Male,Has relevent experience,no_enrollment,Masters,STEM,>20,500-999,Pvt Ltd,4,25
city_64,0.6659999999999999,Male,Has relevent experience,no_enrollment,,,5,50-99,Pvt Ltd,1,57
city_103,0.92,Male,No relevent experience,no_enrollment,Graduate,Other,4,,,1,16
city_114,0.926,Male,Has relevent experience,no_enrollment,High School,,3,100-500,Pvt Ltd,1,80
city_41,0.8270000000000001,Male,Has relevent experience,Full time course,Graduate,STEM,6,5000-9999,,1,170
city_103,0.92,Male,Has relevent experience,no_enrollment,Masters,STEM,8,100-500,Funded Startup,1,48
city_36,0.893,Male,Has relevent experience,no_enrollment,Graduate,STEM,5,<10,Early Stage Startup,1,27
city_28,0.939,Male,No relevent experience,Full time course,Graduate,STEM,6,500-999,Public Sector,1,10
city_16,0.91,,No relevent experience,no_enrollment,Primary School,,3,,,never,48
city_61,0.913,Male,Has relevent experience,no_enrollment,,,>20,<10,Public Sector,>4,3
city_114,0.926,,No relevent experience,Full time course,Graduate,Business Degree,<1,100-500,Pvt Ltd,1,61
city_103,0.92,Male,Has relevent experience,no_enrollment,Graduate,STEM,10,10000+,Pvt Ltd,2,58
city_103,0.92,Male,Has relevent experience,no_enrollment,Masters,STEM,>20,10000+,Pvt Ltd,>4,40
city_114,0.926,Male,Has relevent experience,no_enrollment,Graduate,STEM,16,50-99,Funded Startup,1,134
city_103,0.92,Male,No relevent experience,no_enrollment,Graduate,STEM,>20,10000+,Pvt Ltd,>4,63
city_116,0.743,Male,Has relevent experience,no_enrollment,Graduate,STEM,>20,50-99,Pvt Ltd,1,20
city_136,0.897,Male,Has relevent experience,no_enrollment,Graduate,STEM,4,10000+,Pvt Ltd,2,80
city_104,0.924,Male,No relevent experience,Full time course,Graduate,STEM,4,,,1,96
city_103,0.92,Male,Has relevent experience,no_enrollment,Graduate,STEM,>20,100-500,Pvt Ltd,3,40
city_21,0.624,Female,Has relevent experience,no_enrollment,Masters,STEM,<1,100-500,Pvt Ltd,,330
city_160,0.92,,Has relevent experience,no_enrollment,Graduate,No Major,14,,,1,23
city_104,0.924,,Has relevent experience,no_enrollment,Graduate,STEM,5,50-99,Pvt Ltd,1,34
city_103,0.92,Male,Has relevent experience,no_enrollment,Graduate,STEM,13,50-99,Pvt Ltd,4,84
city_21,0.624,,Has relevent experience,,Graduate,STEM,14,,,>4,154
city_83,0.923,Male,Has relevent experience,no_enrollment,Graduate,STEM,11,50-99,Funded Startup,2,152
city_67,0.855,Male,No relevent experience,no_enrollment,Graduate,Humanities,20,,,1,17
city_103,0.92,Male,Has relevent experience,no_enrollment,Graduate,Other,3,100-500,NGO,1,74
city_160,0.92,Male,Has relevent experience,no_enrollment,Graduate,STEM,6,,,2,224
city_102,0.804,Male,Has relevent experience,no_enrollment,Graduate,STEM,15,,,1,64
city_99,0.915,Male,Has relevent experience,no_enrollment,Graduate,STEM,>20,100-500,Pvt Ltd,>4,36
city_160,0.92,Male,Has relevent experience,no_enrollment,Graduate,STEM,>20,100-500,Funded Startup,2,67
city_21,0.624,,No relevent experience,Full time course,Graduate,STEM,<1,,,never,30
city_72,0.795,Male,Has relevent experience,no_enrollment,Masters,STEM,>20,100-500,Public Sector,>4,94
city_104,0.924,,Has relevent experience,no_enrollment,Graduate,STEM,>20,10000+,Pvt Ltd,2,90
city_103,0.92,,Has relevent experience,no_enrollment,Graduate,No Major,>20,1000-4999,Pvt Ltd,>4,44
city_21,0.624,,Has relevent experience,no_enrollment,Graduate,STEM,5,50-99,Pvt Ltd,1,21
city_103,0.92,Male,Has relevent experience,no_enrollment,Graduate,STEM,>20,100-500,Pvt Ltd,3,155
city_160,0.92,Male,No relevent experience,no_enrollment,Graduate,STEM,8,,Public Sector,1,56
city_21,0.624,Male,Has relevent experience,no_enrollment,Graduate,STEM,5,100-500,Pvt Ltd,1,42
city_103,0.92,Male,Has relevent experience,no_enrollment,Graduate,STEM,16,10000+,Pvt Ltd,4,76
city_114,0.926,Male,No relevent experience,no_enrollment,High School,,2,,,never,31
city_71,0.884,Male,No relevent experience,no_enrollment,Graduate,STEM,>20,500-999,NGO,2,132
city_158,0.7659999999999999,,Has relevent experience,no_enrollment,Masters,STEM,9,10000+,Pvt Ltd,1,158
city_100,0.887,Male,No relevent experience,Full time course,Graduate,STEM,3,,Pvt Ltd,never,54
city_71,0.884,Male,Has relevent experience,no_enrollment,Masters,STEM,15,,,2,112
city_114,0.926,Male,Has relevent experience,no_enrollment,Masters,STEM,14,50-99,Pvt Ltd,4,334
city_61,0.913,,Has relevent experience,no_enrollment,Graduate,STEM,7,10000+,Pvt Ltd,2,18
city_21,0.624,,Has relevent experience,no_enrollment,Masters,STEM,18,5000-9999,NGO,4,80
city_103,0.92,Male,Has relevent experience,no_enrollment,Graduate,No Major,9,50-99,Pvt Ltd,>4,30
city_45,0.89,Female,Has relevent experience,no_enrollment,Graduate,STEM,10,100-500,Pvt Ltd,1,82
city_70,0.698,Female,Has relevent experience,Full time course,Graduate,STEM,9,50-99,Pvt Ltd,1,95
city_21,0.624,,Has relevent experience,no_enrollment,Graduate,STEM,5,100-500,Funded Startup,1,58
city_160,0.92,Male,Has relevent experience,no_enrollment,Graduate,Arts,>20,,,4,103
city_160,0.92,Male,Has relevent experience,no_enrollment,Graduate,Other,11,,,4,9
city_173,0.878,Male,Has relevent experience,no_enrollment,Graduate,STEM,>20,,,,29
city_104,0.924,Male,Has relevent experience,no_enrollment,Graduate,STEM,5,100-500,Pvt Ltd,1,126
city_97,0.925,Male,Has relevent experience,no_enrollment,Masters,STEM,8,100-500,,1,73
city_150,0.698,Male,No relevent experience,no_enrollment,Graduate,STEM,4,100-500,Public Sector,1,25
city_65,0.802,Female,No relevent experience,no_enrollment,Masters,STEM,14,,,1,11
city_73,0.754,Male,Has relevent experience,no_enrollment,High School,,4,,,1,76
city_90,0.698,Male,Has relevent experience,no_enrollment,Graduate,STEM,6,<10,Pvt Ltd,never,100
city_33,0.4479999999999999,,Has relevent experience,no_enrollment,Graduate,STEM,8,10/49,Pvt Ltd,2,14
city_40,0.7759999999999999,Male,Has relevent experience,no_enrollment,Masters,STEM,10,100-500,Pvt Ltd,1,22
city_103,0.92,Male,Has relevent experience,no_enrollment,Graduate,STEM,18,500-999,,1,56
city_45,0.89,Male,Has relevent experience,no_enrollment,Primary School,,7,10/49,Pvt Ltd,2,20
city_67,0.855,,No relevent experience,no_enrollment,Phd,Humanities,1,,,1,8
city_73,0.754,Male,Has relevent experience,no_enrollment,Masters,Humanities,>20,,,2,26
city_21,0.624,Male,Has relevent experience,no_enrollment,Graduate,STEM,11,500-999,Pvt Ltd,1,26
city_103,0.92,Male,Has relevent experience,no_enrollment,Masters,STEM,16,10000+,Pvt Ltd,>4,50
city_103,0.92,Male,Has relevent experience,no_enrollment,Graduate,STEM,11,,,1,30
city_162,0.767,Male,Has relevent experience,no_enrollment,Graduate,STEM,7,,,>4,34
city_159,0.843,,Has relevent experience,no_enrollment,Graduate,STEM,13,<10,Pvt Ltd,>4,22
city_102,0.804,Male,Has relevent experience,no_enrollment,Phd,STEM,>20,10000+,Pvt Ltd,>4,100
city_100,0.887,,Has relevent experience,no_enrollment,Graduate,STEM,>20,<10,Pvt Ltd,1,17
city_114,0.926,Male,Has relevent experience,,,,15,50-99,Pvt Ltd,1,94
city_21,0.624,Male,No relevent experience,Full time course,Graduate,STEM,3,,,never,28
city_16,0.91,Male,Has relevent experience,no_enrollment,Graduate,STEM,10,50-99,Pvt Ltd,3,44
city_16,0.91,Male,Has relevent experience,no_enrollment,Graduate,STEM,7,,,1,54
city_21,0.624,,Has relevent experience,no_enrollment,Graduate,STEM,17,5000-9999,Pvt Ltd,2,47
city_16,0.91,Male,Has relevent experience,no_enrollment,Masters,STEM,>20,500-999,Pvt Ltd,>4,66
city_21,0.624,,Has relevent experience,no_enrollment,Graduate,STEM,8,10000+,Pvt Ltd,2,107
city_83,0.923,Other,Has relevent experience,no_enrollment,Graduate,STEM,16,<10,Pvt Ltd,3,89
city_90,0.698,Male,Has relevent experience,no_enrollment,Graduate,STEM,4,50-99,,1,26
city_104,0.924,Male,Has relevent experience,Part time course,Masters,STEM,17,,,>4,25
city_16,0.91,Male,Has relevent experience,Full time course,Graduate,STEM,9,,,>4,48
city_94,0.698,Male,Has relevent experience,no_enrollment,Masters,STEM,>20,<10,Public Sector,never,55
city_103,0.92,Male,No relevent experience,no_enrollment,Graduate,STEM,10,100-500,Pvt Ltd,1,43
city_104,0.924,Male,Has relevent experience,no_enrollment,Graduate,STEM,>20,<10,Early Stage Startup,2,198
city_160,0.92,Male,Has relevent experience,no_enrollment,Masters,STEM,>20,100-500,Funded Startup,4,42
city_73,0.754,Male,Has relevent experience,no_enrollment,Graduate,STEM,13,100-500,Public Sector,>4,9
city_103,0.92,Male,Has relevent experience,no_enrollment,Graduate,STEM,>20,10000+,Pvt Ltd,1,105
city_116,0.743,Male,Has relevent experience,no_enrollment,Masters,STEM,17,,,>4,72
city_160,0.92,Male,No relevent experience,no_enrollment,Masters,Humanities,>20,50-99,Pvt Ltd,>4,118
city_40,0.7759999999999999,Male,Has relevent experience,no_enrollment,Graduate,STEM,>20,10/49,Pvt Ltd,1,15
city_103,0.92,,Has relevent experience,Full time course,Masters,STEM,>20,100-500,NGO,1,32
city_16,0.91,Male,Has relevent experience,no_enrollment,Graduate,STEM,>20,,,4,98
city_103,0.92,Male,Has relevent experience,no_enrollment,Phd,STEM,<1,1000-4999,Pvt Ltd,1,45
city_114,0.926,Male,Has relevent experience,no_enrollment,High School,,17,100-500,Pvt Ltd,2,28
city_160,0.92,Female,Has relevent experience,no_enrollment,Graduate,STEM,>20,,,>4,58
city_104,0.924,Male,Has relevent experience,no_enrollment,Graduate,Humanities,5,50-99,NGO,1,61
city_65,0.802,Male,Has relevent experience,no_enrollment,Graduate,Other,10,100-500,Pvt Ltd,2,27
city_103,0.92,Male,No relevent experience,Full time course,Masters,STEM,7,,,3,168
city_160,0.92,Female,Has relevent experience,no_enrollment,High School,,>20,<10,Pvt Ltd,>4,10
city_103,0.92,Male,No relevent experience,no_enrollment,Phd,STEM,10,50-99,Public Sector,1,10
city_16,0.91,Female,Has relevent experience,no_enrollment,Graduate,STEM,12,10/49,Pvt Ltd,1,84
city_89,0.925,Male,No relevent experience,Full time course,Graduate,STEM,1,,,1,102
city_45,0.89,Male,No relevent experience,no_enrollment,High School,,4,<10,Pvt Ltd,1,39
city_99,0.915,Male,Has relevent experience,no_enrollment,Masters,STEM,>20,<10,Pvt Ltd,1,104
city_160,0.92,Male,No relevent experience,no_enrollment,Graduate,STEM,17,,,2,12
city_21,0.624,,Has relevent experience,Full time course,Graduate,STEM,9,,,>4,27
city_21,0.624,,Has relevent experience,Full time course,Graduate,STEM,1,50-99,Pvt Ltd,,27
city_21,0.624,Male,Has relevent experience,Full time course,Masters,STEM,17,10000+,Pvt Ltd,1,129
city_16,0.91,Male,No relevent experience,Full time course,Graduate,STEM,>20,,,2,32
city_21,0.624,Male,Has relevent experience,no_enrollment,Graduate,STEM,3,10/49,Pvt Ltd,1,58
city_103,0.92,Male,Has relevent experience,no_enrollment,Graduate,Humanities,>20,10/49,Pvt Ltd,>4,8
city_162,0.767,,Has relevent experience,Full time course,Masters,STEM,18,,,1,35
city_16,0.91,Male,Has relevent experience,no_enrollment,Graduate,STEM,14,50-99,Pvt Ltd,1,26
city_103,0.92,Female,Has relevent experience,no_enrollment,Masters,STEM,>20,,,2,38
city_104,0.924,Male,No relevent experience,Full time course,High School,,4,1000-4999,Pvt Ltd,1,102
city_114,0.926,Male,Has relevent experience,Part time course,Masters,STEM,14,10000+,Pvt Ltd,2,16
city_103,0.92,Male,No relevent experience,no_enrollment,Graduate,STEM,15,,,>4,156
city_145,0.555,,No relevent experience,no_enrollment,Graduate,Business Degree,<1,,,never,25
city_114,0.926,Male,Has relevent experience,Full time course,Masters,Other,10,50-99,Public Sector,4,28
city_173,0.878,Male,No relevent experience,Full time course,Masters,STEM,9,,,1,50
city_103,0.92,,Has relevent experience,no_enrollment,Graduate,STEM,6,50-99,Funded Startup,1,67
city_114,0.926,Male,No relevent experience,no_enrollment,Graduate,STEM,3,10000+,Pvt Ltd,1,27
city_134,0.698,Other,No relevent experience,,,,,,,never,49
city_102,0.804,Female,No relevent experience,no_enrollment,Graduate,STEM,18,100-500,Pvt Ltd,>4,72
city_16,0.91,Male,Has relevent experience,no_enrollment,Graduate,STEM,4,1000-4999,Pvt Ltd,1,44
city_16,0.91,Male,Has relevent experience,no_enrollment,Graduate,STEM,3,<10,,1,2
city_21,0.624,,Has relevent experience,no_enrollment,Graduate,STEM,4,10000+,Pvt Ltd,3,18
city_103,0.92,Female,Has relevent experience,no_enrollment,Graduate,No Major,2,,,2,11
city_103,0.92,Male,Has relevent experience,no_enrollment,Primary School,,3,50-99,Pvt Ltd,1,7
city_21,0.624,,Has relevent experience,,Graduate,STEM,3,50-99,,1,118
city_103,0.92,Male,Has relevent experience,no_enrollment,Graduate,STEM,>20,50-99,Funded Startup,2,184
city_21,0.624,Male,Has relevent experience,Full time course,Graduate,STEM,9,,,>4,23
city_103,0.92,Male,No relevent experience,no_enrollment,Graduate,STEM,>20,<10,Pvt Ltd,>4,69
city_57,0.866,Male,Has relevent experience,no_enrollment,Graduate,STEM,>20,<10,Pvt Ltd,3,15
city_71,0.884,Male,Has relevent experience,no_enrollment,Graduate,STEM,>20,<10,Pvt Ltd,>4,29
city_21,0.624,,No relevent experience,Full time course,Graduate,STEM,9,,,never,63
city_116,0.743,Male,No relevent experience,no_enrollment,Masters,STEM,5,,,never,79
city_21,0.624,Male,Has relevent experience,no_enrollment,Masters,STEM,17,1000-4999,Pvt Ltd,1,134
city_162,0.767,Male,Has relevent experience,Full time course,Graduate,STEM,3,<10,Funded Startup,2,71
city_114,0.926,Female,Has relevent experience,no_enrollment,Masters,STEM,17,100-500,Pvt Ltd,>4,100
city_103,0.92,Male,Has relevent experience,no_enrollment,Graduate,STEM,>20,,,2,59
city_50,0.8959999999999999,Male,Has relevent experience,no_enrollment,Graduate,STEM,11,100-500,Pvt Ltd,1,67
city_100,0.887,Male,Has relevent experience,no_enrollment,Graduate,STEM,>20,,,1,90
city_103,0.92,Male,Has relevent experience,no_enrollment,Graduate,STEM,>20,1000-4999,NGO,1,117
city_16,0.91,,Has relevent experience,no_enrollment,Masters,Arts,>20,1000-4999,NGO,>4,55
city_104,0.924,Male,Has relevent experience,no_enrollment,Graduate,STEM,>20,10000+,Pvt Ltd,>4,37
city_83,0.923,Male,Has relevent experience,no_enrollment,Graduate,STEM,12,,,1,17
city_103,0.92,Female,No relevent experience,no_enrollment,Phd,Humanities,>20,1000-4999,NGO,4,214
city_103,0.92,Male,Has relevent experience,no_enrollment,Masters,STEM,13,100-500,,>4,39
city_16,0.91,,Has relevent experience,no_enrollment,Graduate,Humanities,3,50-99,Funded Startup,1,212
city_103,0.92,Male,Has relevent experience,no_enrollment,Graduate,STEM,19,100-500,Pvt Ltd,1,57
city_21,0.624,,No relevent experience,Full time course,Graduate,STEM,3,,,never,98
city_16,0.91,Male,Has relevent experience,no_enrollment,Masters,STEM,15,,,1,56
city_100,0.887,Male,Has relevent experience,no_enrollment,Graduate,STEM,>20,1000-4999,Pvt Ltd,>4,38
city_134,0.698,Male,No relevent experience,Full time course,High School,,3,,,,51
city_103,0.92,Male,Has relevent experience,no_enrollment,Masters,STEM,14,50-99,Pvt Ltd,1,31
city_16,0.91,Male,Has relevent experience,no_enrollment,Graduate,STEM,>20,50-99,Pvt Ltd,1,24
city_21,0.624,,Has relevent experience,Full time course,Graduate,STEM,3,10/49,Early Stage Startup,3,142
city_103,0.92,Male,Has relevent experience,no_enrollment,Graduate,STEM,12,50-99,Pvt Ltd,1,97
city_100,0.887,Male,Has relevent experience,no_enrollment,High School,,4,<10,Pvt Ltd,1,45
city_99,0.915,Male,Has relevent experience,no_enrollment,Graduate,STEM,10,50-99,Pvt Ltd,4,128
city_10,0.895,Male,No relevent experience,Full time course,Graduate,STEM,7,<10,Funded Startup,4,22
city_11,0.55,Male,No relevent experience,Full time course,Graduate,STEM,4,,,1,43
city_160,0.92,Male,Has relevent experience,no_enrollment,Graduate,Business Degree,>20,,,3,112
city_101,0.5579999999999999,Male,No relevent experience,Full time course,Graduate,STEM,3,10/49,Pvt Ltd,1,67
city_21,0.624,Male,Has relevent experience,no_enrollment,Graduate,STEM,8,50-99,Funded Startup,3,81
city_160,0.92,Male,Has relevent experience,no_enrollment,Masters,STEM,9,50-99,Pvt Ltd,>4,42
city_16,0.91,Male,Has relevent experience,no_enrollment,Masters,STEM,4,100-500,Funded Startup,never,38
city_102,0.804,,No relevent experience,Full time course,Graduate,Business Degree,<1,,,never,214
city_103,0.92,Male,Has relevent experience,no_enrollment,Graduate,STEM,16,50-99,Funded Startup,2,7
city_40,0.7759999999999999,,No relevent experience,Full time course,Graduate,STEM,6,,,1,84
city_136,0.897,Male,Has relevent experience,no_enrollment,Masters,STEM,9,<10,Pvt Ltd,>4,62
city_14,0.698,Female,Has relevent experience,no_enrollment,Graduate,Other,7,,,never,17
city_21,0.624,Male,No relevent experience,no_enrollment,Graduate,STEM,6,,,2,64
city_103,0.92,Male,Has relevent experience,no_enrollment,Graduate,STEM,>20,5000-9999,Pvt Ltd,>4,92
city_16,0.91,Male,Has relevent experience,no_enrollment,Masters,STEM,>20,10/49,Pvt Ltd,1,12
city_28,0.939,Male,No relevent experience,Full time course,High School,,7,,,1,182
city_61,0.913,Male,Has relevent experience,no_enrollment,Graduate,STEM,7,100-500,,1,21
city_103,0.92,Male,Has relevent experience,no_enrollment,Graduate,STEM,4,<10,Early Stage Startup,1,149
city_103,0.92,,No relevent experience,Full time course,Graduate,STEM,3,10000+,,1,25
city_145,0.555,,Has relevent experience,Full time course,Graduate,STEM,4,,,never,2
city_21,0.624,Other,Has relevent experience,Full time course,Graduate,STEM,5,,Pvt Ltd,never,50
city_136,0.897,,Has relevent experience,no_enrollment,Graduate,STEM,6,5000-9999,Public Sector,3,40
city_103,0.92,Male,No relevent experience,Full time course,Graduate,STEM,3,100-500,Pvt Ltd,2,24
city_67,0.855,,No relevent experience,Full time course,Masters,Business Degree,1,500-999,Pvt Ltd,never,11
city_64,0.6659999999999999,Male,Has relevent experience,no_enrollment,Graduate,STEM,14,100-500,Pvt Ltd,2,190
city_103,0.92,,No relevent experience,Full time course,Graduate,STEM,5,,,1,42
city_73,0.754,Male,Has relevent experience,Full time course,Graduate,STEM,12,,,2,56
city_136,0.897,Male,Has relevent experience,no_enrollment,Graduate,STEM,10,50-99,Public Sector,2,202
city_75,0.939,Male,Has relevent experience,no_enrollment,Graduate,STEM,7,10000+,Pvt Ltd,2,314
city_103,0.92,Female,Has relevent experience,no_enrollment,Graduate,Arts,15,500-999,,2,50
city_103,0.92,,No relevent experience,Full time course,Graduate,Arts,10,,,1,87
city_21,0.624,,Has relevent experience,Full time course,Graduate,STEM,<1,500-999,Pvt Ltd,1,22
city_21,0.624,Male,Has relevent experience,no_enrollment,Graduate,STEM,2,,,2,214
city_103,0.92,Male,Has relevent experience,no_enrollment,Graduate,STEM,6,500-999,NGO,2,163
city_50,0.8959999999999999,Male,Has relevent experience,no_enrollment,High School,,9,,,1,51
city_103,0.92,Male,Has relevent experience,no_enrollment,Graduate,Humanities,6,10000+,Pvt Ltd,1,9
city_105,0.794,Male,Has relevent experience,no_enrollment,Masters,STEM,5,100-500,Pvt Ltd,4,113
city_16,0.91,Male,No relevent experience,no_enrollment,High School,,3,,,never,306
city_16,0.91,Male,Has relevent experience,no_enrollment,Graduate,STEM,14,50-99,Funded Startup,1,256
city_103,0.92,Female,Has relevent experience,no_enrollment,Graduate,Humanities,>20,10000+,Pvt Ltd,>4,116
city_103,0.92,,Has relevent experience,no_enrollment,Masters,STEM,3,500-999,Pvt Ltd,1,50
city_21,0.624,,Has relevent experience,no_enrollment,Masters,STEM,10,100-500,Pvt Ltd,>4,69
city_103,0.92,Male,Has relevent experience,no_enrollment,Graduate,STEM,9,100-500,Pvt Ltd,>4,27
city_89,0.925,,No relevent experience,no_enrollment,Masters,STEM,3,,,never,97
city_57,0.866,Male,No relevent experience,Full time course,Masters,STEM,5,10/49,Public Sector,1,31
city_102,0.804,,Has relevent experience,no_enrollment,Masters,STEM,15,1000-4999,Pvt Ltd,1,11
city_103,0.92,,No relevent experience,no_enrollment,Graduate,Humanities,10,,,2,67
city_103,0.92,,Has relevent experience,no_enrollment,Graduate,STEM,3,10000+,Pvt Ltd,1,31
city_11,0.55,,Has relevent experience,Full time course,Graduate,STEM,4,10/49,Pvt Ltd,,7
city_23,0.899,,Has relevent experience,,Graduate,Business Degree,2,,,1,28
city_103,0.92,,No relevent experience,no_enrollment,Graduate,Business Degree,<1,,,1,139
city_28,0.939,Male,Has relevent experience,no_enrollment,Masters,STEM,>20,10000+,Pvt Ltd,>4,22
city_21,0.624,Male,Has relevent experience,no_enrollment,High School,,14,10/49,Pvt Ltd,>4,3
city_16,0.91,Male,Has relevent experience,no_enrollment,Graduate,STEM,15,10000+,Pvt Ltd,>4,49
city_21,0.624,Male,Has relevent experience,no_enrollment,Graduate,STEM,4,100-500,Pvt Ltd,1,84
city_71,0.884,,Has relevent experience,Part time course,Graduate,STEM,4,10000+,Public Sector,1,39
city_16,0.91,Female,Has relevent experience,no_enrollment,Graduate,STEM,8,,,1,54
city_103,0.92,Male,No relevent experience,no_enrollment,Graduate,STEM,5,50-99,Pvt Ltd,3,5
city_21,0.624,Male,No relevent experience,,,,4,100-500,,1,107
city_114,0.926,Male,Has relevent experience,no_enrollment,Graduate,STEM,>20,500-999,Pvt Ltd,3,12
city_103,0.92,Female,No relevent experience,no_enrollment,Graduate,STEM,<1,,,never,22
city_16,0.91,Male,Has relevent experience,no_enrollment,Graduate,STEM,12,100-500,Pvt Ltd,1,206
city_21,0.624,Male,Has relevent experience,Full time course,Masters,STEM,12,,Public Sector,,35
city_19,0.682,Male,Has relevent experience,no_enrollment,Graduate,STEM,9,,Pvt Ltd,1,66
city_103,0.92,Male,Has relevent experience,no_enrollment,Primary School,,12,100-500,Pvt Ltd,2,49
city_65,0.802,Male,Has relevent experience,no_enrollment,Graduate,STEM,5,<10,Funded Startup,2,11
city_21,0.624,Male,Has relevent experience,no_enrollment,Graduate,STEM,10,1000-4999,Pvt Ltd,2,11
city_103,0.92,Male,No relevent experience,no_enrollment,Primary School,,6,,,never,336
city_23,0.899,,Has relevent experience,no_enrollment,Graduate,Humanities,2,500-999,Pvt Ltd,1,30
city_16,0.91,Male,Has relevent experience,no_enrollment,Graduate,STEM,2,50-99,Pvt Ltd,1,65
city_11,0.55,Male,Has relevent experience,no_enrollment,Masters,STEM,16,,,2,83
city_103,0.92,Male,No relevent experience,Full time course,High School,,4,,,never,226
city_16,0.91,Male,Has relevent experience,Full time course,Graduate,STEM,1,,,1,96
city_141,0.763,Male,No relevent experience,Full time course,Graduate,STEM,5,500-999,Pvt Ltd,1,44
city_16,0.91,Male,Has relevent experience,no_enrollment,Graduate,STEM,13,10/49,Pvt Ltd,>4,70
city_160,0.92,Female,Has relevent experience,no_enrollment,Graduate,STEM,9,50-99,Pvt Ltd,1,17
city_104,0.924,Male,No relevent experience,Full time course,Masters,STEM,>20,500-999,NGO,2,24
city_103,0.92,Male,Has relevent experience,no_enrollment,Graduate,STEM,>20,50-99,Pvt Ltd,>4,42
city_67,0.855,Male,Has relevent experience,no_enrollment,Masters,STEM,5,100-500,,1,46
city_24,0.698,Male,No relevent experience,Full time course,High School,,2,,,,18
city_114,0.926,Male,Has relevent experience,no_enrollment,High School,,15,10000+,Pvt Ltd,1,39
city_11,0.55,Male,Has relevent experience,no_enrollment,Graduate,STEM,4,5000-9999,Public Sector,2,29
city_103,0.92,Male,Has relevent experience,no_enrollment,Graduate,Humanities,5,50-99,Pvt Ltd,1,46
city_105,0.794,Male,Has relevent experience,no_enrollment,Graduate,STEM,5,100-500,NGO,1,6
city_73,0.754,,Has relevent experience,no_enrollment,Graduate,STEM,>20,50-99,Pvt Ltd,>4,134
city_103,0.92,Male,Has relevent experience,no_enrollment,Graduate,STEM,>20,,,4,198
city_16,0.91,Male,Has relevent experience,no_enrollment,Graduate,STEM,14,,,1,10
city_103,0.92,,No relevent experience,no_enrollment,Graduate,STEM,9,100-500,Pvt Ltd,>4,25
city_16,0.91,Male,No relevent experience,no_enrollment,,,3,,,never,270
city_150,0.698,Other,No relevent experience,,Graduate,STEM,2,,,never,143
city_160,0.92,Male,Has relevent experience,Full time course,Graduate,STEM,9,,,2,11
city_21,0.624,Male,No relevent experience,Full time course,Graduate,STEM,8,,,never,36
city_71,0.884,,Has relevent experience,no_enrollment,Graduate,STEM,11,10/49,,1,15
city_16,0.91,Male,Has relevent experience,no_enrollment,Masters,Arts,17,10/49,,1,50
city_114,0.926,,Has relevent experience,no_enrollment,Masters,Other,11,10000+,Pvt Ltd,1,39
city_114,0.926,Female,No relevent experience,Full time course,Graduate,STEM,5,5000-9999,Public Sector,1,110
city_136,0.897,,Has relevent experience,no_enrollment,Masters,STEM,2,50-99,Pvt Ltd,1,45
city_21,0.624,,No relevent experience,Full time course,Graduate,STEM,5,1000-4999,Pvt Ltd,>4,14
city_103,0.92,Female,Has relevent experience,no_enrollment,Graduate,Arts,4,50-99,Pvt Ltd,1,16
city_160,0.92,Male,Has relevent experience,no_enrollment,Graduate,Humanities,3,,,1,54
city_160,0.92,Female,Has relevent experience,Part time course,Graduate,STEM,14,1000-4999,Pvt Ltd,>4,39
city_103,0.92,Male,No relevent experience,no_enrollment,Graduate,STEM,1,10000+,Pvt Ltd,1,112
city_149,0.6890000000000001,Male,Has relevent experience,,Graduate,STEM,7,10/49,NGO,1,194
city_160,0.92,Male,No relevent experience,Full time course,Graduate,STEM,5,,,1,86
city_100,0.887,Male,No relevent experience,Full time course,Masters,STEM,6,100-500,Public Sector,,8
city_114,0.926,Male,Has relevent experience,no_enrollment,Masters,STEM,14,50-99,Funded Startup,1,52
city_21,0.624,Male,No relevent experience,Full time course,High School,,2,,,never,3
city_16,0.91,Male,No relevent experience,,,,6,,,never,6
city_103,0.92,Male,Has relevent experience,Part time course,Graduate,STEM,7,50-99,Early Stage Startup,1,46
city_97,0.925,Male,No relevent experience,Full time course,Graduate,STEM,6,,,2,6
city_100,0.887,Male,Has relevent experience,no_enrollment,Masters,STEM,>20,50-99,Pvt Ltd,>4,43
city_16,0.91,Male,Has relevent experience,no_enrollment,Masters,STEM,>20,10000+,Pvt Ltd,2,178
city_114,0.926,Male,Has relevent experience,no_enrollment,Graduate,STEM,11,100-500,Pvt Ltd,2,8
city_160,0.92,Male,No relevent experience,no_enrollment,Graduate,STEM,>20,,,1,8
city_21,0.624,,Has relevent experience,,Graduate,STEM,<1,500-999,Pvt Ltd,1,32
city_103,0.92,Male,Has relevent experience,no_enrollment,Masters,STEM,7,10000+,Public Sector,1,56
city_71,0.884,Male,Has relevent experience,no_enrollment,Graduate,STEM,5,10/49,Funded Startup,1,87
city_23,0.899,Male,No relevent experience,no_enrollment,Graduate,STEM,>20,10/49,Pvt Ltd,>4,24
city_89,0.925,Male,Has relevent experience,no_enrollment,Graduate,STEM,10,<10,Pvt Ltd,2,65
city_176,0.764,,Has relevent experience,Part time course,Graduate,STEM,11,,,1,24
city_21,0.624,Male,No relevent experience,Full time course,High School,,8,,,never,111
city_162,0.767,Male,No relevent experience,Full time course,Graduate,Other,3,,,never,222
city_160,0.92,Male,Has relevent experience,no_enrollment,Graduate,STEM,12,,,1,10
city_9,0.743,Male,Has relevent experience,Part time course,Masters,STEM,11,100-500,Pvt Ltd,2,46
city_21,0.624,,Has relevent experience,no_enrollment,Masters,STEM,3,50-99,Early Stage Startup,2,110
city_103,0.92,Female,Has relevent experience,no_enrollment,Graduate,STEM,>20,<10,Pvt Ltd,1,7
city_21,0.624,Male,Has relevent experience,no_enrollment,Graduate,STEM,10,10000+,Pvt Ltd,1,25
city_16,0.91,Male,Has relevent experience,no_enrollment,High School,,8,,,1,65
city_103,0.92,Male,Has relevent experience,no_enrollment,Graduate,STEM,14,50-99,Pvt Ltd,never,250
city_103,0.92,Male,Has relevent experience,no_enrollment,Masters,STEM,>20,,,>4,34
city_83,0.923,,Has relevent experience,no_enrollment,Graduate,STEM,16,10000+,Pvt Ltd,>4,104
city_97,0.925,Male,No relevent experience,no_enrollment,Masters,Humanities,>20,,,>4,5
city_103,0.92,Female,Has relevent experience,no_enrollment,Masters,STEM,>20,,,>4,18
city_162,0.767,,Has relevent experience,Part time course,Graduate,STEM,12,,,never,94
city_173,0.878,Male,Has relevent experience,no_enrollment,High School,,3,100-500,Pvt Ltd,1,5
city_13,0.8270000000000001,,Has relevent experience,no_enrollment,Masters,STEM,4,<10,Funded Startup,2,26
city_36,0.893,,No relevent experience,Full time course,Graduate,STEM,3,1000-4999,Pvt Ltd,,16
city_53,0.74,Female,Has relevent experience,no_enrollment,Masters,STEM,10,5000-9999,Pvt Ltd,4,126
city_11,0.55,Male,Has relevent experience,no_enrollment,Graduate,STEM,9,50-99,Pvt Ltd,>4,77
city_21,0.624,Male,Has relevent experience,no_enrollment,Graduate,STEM,4,,,1,68
city_16,0.91,Male,Has relevent experience,no_enrollment,Graduate,STEM,7,100-500,Pvt Ltd,1,8
city_103,0.92,,Has relevent experience,Full time course,Phd,STEM,,10000+,Public Sector,never,56
city_160,0.92,Male,Has relevent experience,no_enrollment,Graduate,Humanities,>20,,,>4,50
city_103,0.92,Male,Has relevent experience,no_enrollment,Graduate,STEM,12,10000+,Pvt Ltd,2,54
city_136,0.897,Male,No relevent experience,no_enrollment,Phd,STEM,7,<10,Pvt Ltd,1,18
city_103,0.92,Female,Has relevent experience,no_enrollment,Graduate,STEM,>20,10000+,Pvt Ltd,>4,81
city_21,0.624,Male,Has relevent experience,no_enrollment,Masters,STEM,15,10000+,Pvt Ltd,1,75
city_28,0.939,Male,Has relevent experience,no_enrollment,Phd,STEM,>20,500-999,Pvt Ltd,>4,9
city_103,0.92,Other,Has relevent experience,no_enrollment,Masters,STEM,7,,,4,35
city_103,0.92,Male,No relevent experience,no_enrollment,Primary School,,1,,Pvt Ltd,never,57
city_21,0.624,,No relevent experience,no_enrollment,Graduate,STEM,2,,,1,50
city_136,0.897,Male,Has relevent experience,no_enrollment,Masters,STEM,13,500-999,Pvt Ltd,>4,31
city_69,0.856,Male,No relevent experience,Full time course,Graduate,STEM,<1,,,1,58
city_114,0.926,,No relevent experience,Full time course,Graduate,STEM,5,,,1,94
city_50,0.8959999999999999,Male,Has relevent experience,no_enrollment,Masters,STEM,10,50-99,Pvt Ltd,1,122
city_83,0.923,Male,Has relevent experience,no_enrollment,Masters,Humanities,13,1000-4999,Pvt Ltd,1,46
city_21,0.624,,Has relevent experience,no_enrollment,Masters,STEM,6,1000-4999,,never,74
city_21,0.624,,Has relevent experience,Full time course,Graduate,STEM,<1,<10,NGO,>4,18
city_89,0.925,Female,Has relevent experience,no_enrollment,Masters,STEM,7,100-500,Pvt Ltd,1,20
city_136,0.897,Male,Has relevent experience,no_enrollment,Masters,STEM,18,5000-9999,Pvt Ltd,>4,41
city_21,0.624,Male,Has relevent experience,no_enrollment,Graduate,Business Degree,>20,50-99,Pvt Ltd,>4,68
city_61,0.913,Male,Has relevent experience,no_enrollment,High School,,>20,10/49,Pvt Ltd,1,77
city_160,0.92,Female,Has relevent experience,no_enrollment,Graduate,STEM,6,50-99,Pvt Ltd,1,36
city_103,0.92,Male,Has relevent experience,no_enrollment,Graduate,STEM,8,1000-4999,Pvt Ltd,>4,84
city_75,0.939,Male,Has relevent experience,no_enrollment,Graduate,STEM,>20,100-500,Pvt Ltd,>4,39
city_90,0.698,Male,No relevent experience,Full time course,High School,,2,<10,Early Stage Startup,never,43
city_83,0.923,Male,No relevent experience,Full time course,,,2,,,1,77
city_114,0.926,,Has relevent experience,no_enrollment,Masters,STEM,>20,500-999,Pvt Ltd,>4,4
city_158,0.7659999999999999,Male,Has relevent experience,no_enrollment,Graduate,STEM,4,100-500,Pvt Ltd,2,152
city_150,0.698,Male,Has relevent experience,no_enrollment,Graduate,STEM,3,,Pvt Ltd,1,52
city_103,0.92,Male,Has relevent experience,no_enrollment,Graduate,No Major,18,,,,10
city_100,0.887,Female,No relevent experience,Full time course,High School,,1,,,1,31
city_103,0.92,Male,Has relevent experience,Part time course,Graduate,STEM,17,,,1,77
city_98,0.949,Male,Has relevent experience,no_enrollment,Graduate,STEM,10,10/49,Pvt Ltd,>4,19
city_93,0.865,Male,Has relevent experience,no_enrollment,Graduate,No Major,14,<10,Pvt Ltd,never,57
city_103,0.92,Female,No relevent experience,no_enrollment,Graduate,Business Degree,18,,,>4,38
city_102,0.804,Male,Has relevent experience,no_enrollment,Masters,STEM,15,1000-4999,Pvt Ltd,4,152
city_16,0.91,Male,Has relevent experience,no_enrollment,Masters,STEM,5,<10,Funded Startup,1,60
city_28,0.939,Male,Has relevent experience,no_enrollment,Masters,STEM,9,500-999,Pvt Ltd,1,46
city_50,0.8959999999999999,Male,No relevent experience,Full time course,High School,,4,,,never,188
city_30,0.698,Male,Has relevent experience,Full time course,Graduate,STEM,10,500-999,Pvt Ltd,4,24
city_19,0.682,Male,Has relevent experience,no_enrollment,Graduate,STEM,14,,,4,51
city_103,0.92,,Has relevent experience,Part time course,Graduate,STEM,14,100-500,Public Sector,2,105
city_103,0.92,Female,Has relevent experience,no_enrollment,Graduate,STEM,3,10000+,Pvt Ltd,1,99
city_21,0.624,Male,Has relevent experience,Full time course,Graduate,Other,5,100-500,Pvt Ltd,1,20
city_23,0.899,Male,No relevent experience,Part time course,Graduate,STEM,4,,,never,18
city_103,0.92,Male,No relevent experience,Full time course,High School,,6,,,1,45
city_104,0.924,Male,Has relevent experience,no_enrollment,Graduate,STEM,>20,1000-4999,Pvt Ltd,>4,84
city_114,0.926,Male,No relevent experience,,High School,,8,,,never,32
city_21,0.624,,Has relevent experience,Full time course,Graduate,STEM,4,5000-9999,,2,14
city_103,0.92,,No relevent experience,Full time course,Masters,STEM,5,,Public Sector,1,196
city_21,0.624,Male,No relevent experience,no_enrollment,Graduate,STEM,5,50-99,Funded Startup,1,16
city_16,0.91,Male,Has relevent experience,Full time course,Graduate,STEM,14,100-500,Pvt Ltd,2,40
city_114,0.926,,No relevent experience,no_enrollment,High School,,3,,,never,56
city_103,0.92,Male,Has relevent experience,no_enrollment,Graduate,STEM,4,10000+,NGO,1,47
city_160,0.92,,Has relevent experience,no_enrollment,Masters,STEM,19,100-500,Pvt Ltd,>4,56
city_21,0.624,,Has relevent experience,Full time course,Graduate,STEM,1,50-99,NGO,never,5
city_23,0.899,,Has relevent experience,Full time course,,,3,<10,Public Sector,1,8
city_103,0.92,Female,No relevent experience,Full time course,Graduate,STEM,4,10000+,Public Sector,1,69
city_36,0.893,Male,Has relevent experience,Full time course,Graduate,STEM,5,500-999,Pvt Ltd,1,20
city_103,0.92,Other,No relevent experience,Full time course,Graduate,Arts,1,,,never,117
city_21,0.624,Male,Has relevent experience,no_enrollment,Graduate,STEM,12,10000+,Pvt Ltd,1,102
city_105,0.794,Male,Has relevent experience,Full time course,High School,,2,50-99,Pvt Ltd,1,320
city_90,0.698,Male,Has relevent experience,no_enrollment,Graduate,STEM,4,,,1,129
city_103,0.92,,Has relevent experience,no_enrollment,Graduate,Other,13,10000+,Pvt Ltd,1,34
city_103,0.92,,Has relevent experience,no_enrollment,Masters,STEM,5,500-999,Pvt Ltd,>4,46
city_21,0.624,Male,Has relevent experience,no_enrollment,Graduate,STEM,14,100-500,Pvt Ltd,>4,40
city_30,0.698,,Has relevent experience,no_enrollment,Masters,STEM,11,100-500,Pvt Ltd,1,17
city_160,0.92,Male,Has relevent experience,no_enrollment,Graduate,STEM,17,,,4,4
city_67,0.855,Male,No relevent experience,Full time course,High School,,8,100-500,Pvt Ltd,1,34
city_21,0.624,Male,No relevent experience,no_enrollment,Graduate,Humanities,5,,,1,19
city_160,0.92,Female,Has relevent experience,no_enrollment,Graduate,STEM,>20,10/49,Early Stage Startup,2,9
city_21,0.624,Male,Has relevent experience,no_enrollment,Graduate,STEM,13,100-500,Funded Startup,1,54
city_21,0.624,Male,Has relevent experience,Full time course,Masters,STEM,7,10000+,Pvt Ltd,3,87
city_21,0.624,,Has relevent experience,no_enrollment,Graduate,STEM,9,10/49,Funded Startup,>4,39
city_162,0.767,Male,Has relevent experience,Full time course,Graduate,STEM,15,,,1,174
city_94,0.698,,Has relevent experience,no_enrollment,Graduate,STEM,4,,,1,92
city_103,0.92,Male,Has relevent experience,no_enrollment,Graduate,STEM,>20,10/49,Pvt Ltd,never,39
city_105,0.794,Male,Has relevent experience,Part time course,Graduate,STEM,9,,Pvt Ltd,1,11
city_103,0.92,Male,Has relevent experience,no_enrollment,Graduate,STEM,>20,,,3,96
city_149,0.6890000000000001,,No relevent experience,Full time course,High School,,1,,,never,27
city_70,0.698,,Has relevent experience,Full time course,Graduate,STEM,5,500-999,Pvt Ltd,1,166
city_36,0.893,Male,Has relevent experience,no_enrollment,Masters,STEM,17,1000-4999,NGO,1,13
city_16,0.91,Male,No relevent experience,no_enrollment,Graduate,STEM,16,10000+,Public Sector,2,15
city_160,0.92,Male,Has relevent experience,no_enrollment,Graduate,STEM,18,10/49,NGO,2,13
city_136,0.897,,Has relevent experience,no_enrollment,Masters,Arts,16,50-99,Pvt Ltd,>4,46
city_16,0.91,Male,Has relevent experience,no_enrollment,Graduate,STEM,>20,,,3,64
city_102,0.804,,No relevent experience,,,,5,,,never,210
city_160,0.92,,Has relevent experience,no_enrollment,Graduate,STEM,12,500-999,Pvt Ltd,>4,24
city_73,0.754,Male,No relevent experience,Full time course,High School,,11,50-99,Public Sector,>4,40
city_21,0.624,,No relevent experience,no_enrollment,High School,,<1,,,never,20
city_103,0.92,Male,Has relevent experience,no_enrollment,Graduate,STEM,16,10000+,Pvt Ltd,>4,24
city_16,0.91,Male,Has relevent experience,no_enrollment,Graduate,STEM,6,1000-4999,Pvt Ltd,1,31
city_36,0.893,Male,Has relevent experience,no_enrollment,Graduate,STEM,13,50-99,Pvt Ltd,1,50
city_136,0.897,,No relevent experience,Full time course,Masters,STEM,1,,Public Sector,never,61
city_103,0.92,Male,Has relevent experience,no_enrollment,Masters,STEM,14,10000+,Pvt Ltd,4,166
city_67,0.855,,No relevent experience,no_enrollment,Masters,Business Degree,19,1000-4999,Pvt Ltd,2,15
city_73,0.754,Male,Has relevent experience,Full time course,High School,,6,50-99,Pvt Ltd,3,5
city_90,0.698,Male,No relevent experience,Full time course,Graduate,STEM,6,,,1,31
city_23,0.899,,No relevent experience,Part time course,High School,,1,,,,46
city_76,0.698,Male,Has relevent experience,no_enrollment,Graduate,STEM,>20,1000-4999,Pvt Ltd,>4,54
city_20,0.7959999999999999,Male,No relevent experience,Full time course,High School,,4,1000-4999,,1,53
city_11,0.55,,Has relevent experience,Full time course,Primary School,,,<10,Early Stage Startup,,62
city_67,0.855,Male,Has relevent experience,no_enrollment,Masters,STEM,>20,100-500,Pvt Ltd,2,28
city_103,0.92,Male,No relevent experience,no_enrollment,Graduate,STEM,4,,,1,94
city_103,0.92,Male,Has relevent experience,no_enrollment,Graduate,Other,18,5000-9999,Pvt Ltd,>4,56
city_103,0.92,Male,Has relevent experience,no_enrollment,Graduate,STEM,>20,100-500,Pvt Ltd,>4,222
city_103,0.92,Male,Has relevent experience,no_enrollment,Masters,STEM,13,100-500,Pvt Ltd,4,2
city_114,0.926,Male,Has relevent experience,Full time course,High School,,3,,,2,79
city_16,0.91,Male,Has relevent experience,no_enrollment,Graduate,STEM,>20,10/49,Pvt Ltd,>4,60
city_67,0.855,Male,Has relevent experience,no_enrollment,Graduate,STEM,9,500-999,Pvt Ltd,1,13
city_21,0.624,Male,Has relevent experience,no_enrollment,Masters,STEM,7,10/49,Pvt Ltd,1,284
city_71,0.884,Male,Has relevent experience,no_enrollment,Graduate,No Major,>20,,,>4,108
city_21,0.624,Male,Has relevent experience,Full time course,Graduate,STEM,<1,10/49,Early Stage Startup,never,23
city_103,0.92,Male,Has relevent experience,no_enrollment,Graduate,STEM,>20,100-500,Public Sector,1,107
city_21,0.624,,Has relevent experience,no_enrollment,Graduate,STEM,4,50-99,Early Stage Startup,1,82
city_10,0.895,Male,Has relevent experience,no_enrollment,High School,,>20,,,>4,22
city_123,0.738,Male,Has relevent experience,no_enrollment,Masters,STEM,>20,100-500,Funded Startup,1,34
city_103,0.92,,Has relevent experience,Part time course,Masters,STEM,11,100-500,Funded Startup,2,100
city_21,0.624,Female,Has relevent experience,no_enrollment,Masters,STEM,15,,,1,82
city_65,0.802,Male,Has relevent experience,no_enrollment,Graduate,STEM,11,10/49,Pvt Ltd,3,10
city_41,0.8270000000000001,Male,Has relevent experience,Part time course,Masters,STEM,>20,1000-4999,Public Sector,>4,46
city_21,0.624,,Has relevent experience,no_enrollment,Graduate,STEM,12,50-99,Pvt Ltd,,133
city_83,0.923,Female,Has relevent experience,no_enrollment,Masters,Humanities,4,100-500,Public Sector,2,48
city_28,0.939,Other,Has relevent experience,no_enrollment,Graduate,Other,>20,500-999,Pvt Ltd,>4,24
city_114,0.926,,Has relevent experience,no_enrollment,Masters,STEM,>20,5000-9999,Pvt Ltd,1,138
city_103,0.92,Male,Has relevent experience,no_enrollment,Graduate,Arts,16,50-99,Pvt Ltd,>4,3
city_50,0.8959999999999999,Male,Has relevent experience,no_enrollment,Graduate,STEM,3,50-99,Pvt Ltd,1,92
city_74,0.579,Male,No relevent experience,Part time course,Graduate,STEM,2,100-500,Pvt Ltd,1,16
city_21,0.624,Male,Has relevent experience,Full time course,Graduate,STEM,6,10/49,Pvt Ltd,1,232
city_10,0.895,Male,Has relevent experience,no_enrollment,Masters,STEM,16,<10,Pvt Ltd,1,129
city_103,0.92,,Has relevent experience,no_enrollment,Masters,STEM,,,,,34
city_16,0.91,Female,Has relevent experience,no_enrollment,Graduate,STEM,17,<10,Funded Startup,1,256
city_21,0.624,Female,No relevent experience,Full time course,Graduate,STEM,3,500-999,NGO,1,53
city_10,0.895,,Has relevent experience,no_enrollment,Graduate,STEM,>20,50-99,Pvt Ltd,1,14
city_103,0.92,Male,Has relevent experience,no_enrollment,Graduate,STEM,20,10000+,Pvt Ltd,never,107
city_21,0.624,Male,No relevent experience,no_enrollment,Primary School,,<1,,,never,56
city_145,0.555,Male,No relevent experience,Full time course,High School,,2,,,never,34
city_57,0.866,Male,Has relevent experience,no_enrollment,Masters,STEM,17,,,2,25
city_11,0.55,Male,No relevent experience,Full time course,Primary School,,3,,,never,210
city_53,0.74,Male,Has relevent experience,no_enrollment,Graduate,STEM,2,,,1,111
city_23,0.899,Male,Has relevent experience,no_enrollment,Graduate,Humanities,16,,,2,8
city_103,0.92,Male,Has relevent experience,no_enrollment,Graduate,STEM,>20,,,>4,26
city_21,0.624,Male,Has relevent experience,no_enrollment,Masters,STEM,9,,,1,26
city_103,0.92,Male,Has relevent experience,Part time course,Graduate,STEM,11,10000+,Pvt Ltd,2,174
city_114,0.926,Male,Has relevent experience,no_enrollment,High School,,>20,100-500,Pvt Ltd,>4,18
city_165,0.903,,Has relevent experience,no_enrollment,Graduate,STEM,17,10000+,Pvt Ltd,2,12
city_21,0.624,,Has relevent experience,no_enrollment,Graduate,STEM,5,10000+,Pvt Ltd,1,56
city_61,0.913,,No relevent experience,Full time course,Masters,STEM,13,5000-9999,Public Sector,2,6
city_103,0.92,Male,Has relevent experience,no_enrollment,Graduate,Humanities,3,100-500,NGO,>4,68
city_19,0.682,Male,No relevent experience,Full time course,Graduate,STEM,6,,,never,151
city_116,0.743,,Has relevent experience,no_enrollment,Graduate,STEM,9,100-500,,,144
city_21,0.624,,Has relevent experience,no_enrollment,Graduate,STEM,4,500-999,Pvt Ltd,2,19
city_103,0.92,Female,Has relevent experience,no_enrollment,Graduate,STEM,13,10000+,Pvt Ltd,2,168
city_103,0.92,Male,Has relevent experience,Full time course,Graduate,STEM,11,,,1,55
city_21,0.624,Male,No relevent experience,Full time course,Graduate,STEM,3,,,never,90
city_23,0.899,Male,Has relevent experience,no_enrollment,Graduate,STEM,<1,50-99,,1,50
city_21,0.624,,No relevent experience,Full time course,Masters,STEM,2,,,1,55
city_74,0.579,Male,Has relevent experience,Full time course,Graduate,STEM,5,100-500,Pvt Ltd,1,3
city_73,0.754,,No relevent experience,no_enrollment,Graduate,STEM,1,,,1,120
city_114,0.926,Male,Has relevent experience,no_enrollment,Masters,Humanities,>20,<10,Pvt Ltd,4,26
city_145,0.555,Male,Has relevent experience,no_enrollment,Graduate,STEM,8,,Pvt Ltd,1,6
city_103,0.92,,Has relevent experience,no_enrollment,Graduate,STEM,15,50-99,Pvt Ltd,1,35
city_103,0.92,Male,Has relevent experience,no_enrollment,Primary School,,>20,<10,Funded Startup,2,35
city_16,0.91,,Has relevent experience,no_enrollment,Masters,Business Degree,15,1000-4999,Pvt Ltd,2,1
city_73,0.754,Male,Has relevent experience,no_enrollment,Masters,STEM,>20,100-500,Public Sector,4,28
city_114,0.926,Male,Has relevent experience,no_enrollment,High School,,>20,<10,Pvt Ltd,1,64
city_103,0.92,,Has relevent experience,Full time course,Graduate,STEM,,50-99,Funded Startup,>4,24
city_173,0.878,,Has relevent experience,Part time course,Masters,STEM,>20,<10,Pvt Ltd,never,48
city_21,0.624,,No relevent experience,no_enrollment,Graduate,STEM,<1,<10,,1,104
city_10,0.895,Male,No relevent experience,Full time course,Masters,Humanities,1,,,1,13
city_71,0.884,Male,Has relevent experience,no_enrollment,Graduate,Humanities,7,100-500,Pvt Ltd,3,37
city_103,0.92,Male,Has relevent experience,no_enrollment,Graduate,STEM,>20,,,>4,34
city_57,0.866,Male,Has relevent experience,no_enrollment,Graduate,STEM,17,100-500,Pvt Ltd,1,24
city_83,0.923,Male,No relevent experience,no_enrollment,Graduate,STEM,14,1000-4999,Pvt Ltd,>4,84
city_16,0.91,Male,No relevent experience,Full time course,Masters,STEM,14,,,2,76
city_16,0.91,,Has relevent experience,no_enrollment,Masters,STEM,8,100-500,Pvt Ltd,1,60
city_103,0.92,Male,Has relevent experience,no_enrollment,Phd,STEM,>20,10000+,Pvt Ltd,4,330
city_103,0.92,Male,Has relevent experience,no_enrollment,Graduate,Humanities,5,,,1,42
city_16,0.91,Male,Has relevent experience,Part time course,High School,,6,500-999,Pvt Ltd,1,12
city_16,0.91,Male,Has relevent experience,no_enrollment,Graduate,STEM,5,100-500,Pvt Ltd,1,101
city_142,0.727,Male,Has relevent experience,no_enrollment,Graduate,STEM,10,10/49,Pvt Ltd,3,218
city_16,0.91,Male,Has relevent experience,no_enrollment,Graduate,STEM,11,500-999,Pvt Ltd,1,51
city_16,0.91,Male,Has relevent experience,no_enrollment,Graduate,STEM,5,10000+,Pvt Ltd,1,20
city_83,0.923,Male,Has relevent experience,no_enrollment,Graduate,STEM,5,50-99,Funded Startup,2,70
city_123,0.738,Male,No relevent experience,Full time course,Graduate,STEM,10,,,never,48
city_101,0.5579999999999999,Male,Has relevent experience,no_enrollment,Graduate,STEM,3,50-99,Early Stage Startup,1,57
city_73,0.754,Male,Has relevent experience,Part time course,Graduate,Humanities,11,,,>4,166
city_114,0.926,Male,Has relevent experience,no_enrollment,Masters,STEM,>20,100-500,Pvt Ltd,>4,74
city_114,0.926,Male,Has relevent experience,no_enrollment,Graduate,STEM,>20,,,4,8
city_64,0.6659999999999999,Male,Has relevent experience,no_enrollment,Graduate,STEM,20,<10,Pvt Ltd,>4,14
city_103,0.92,Male,Has relevent experience,no_enrollment,Graduate,STEM,>20,500-999,Public Sector,3,52
city_103,0.92,Female,No relevent experience,no_enrollment,Graduate,STEM,11,100-500,Funded Startup,1,22
city_103,0.92,Male,Has relevent experience,no_enrollment,Graduate,STEM,12,10/49,Pvt Ltd,3,88
city_74,0.579,Male,No relevent experience,Full time course,Graduate,STEM,<1,,,never,145
city_152,0.698,Male,Has relevent experience,Full time course,Graduate,STEM,16,1000-4999,Pvt Ltd,2,16
city_67,0.855,Male,Has relevent experience,Full time course,High School,,3,50-99,Pvt Ltd,never,104
city_103,0.92,Male,No relevent experience,no_enrollment,Graduate,STEM,2,,,never,80
city_114,0.926,Female,Has relevent experience,no_enrollment,Masters,Humanities,9,,,1,44
city_16,0.91,,No relevent experience,no_enrollment,Graduate,Other,14,50-99,Pvt Ltd,>4,116
city_103,0.92,Male,Has relevent experience,no_enrollment,Graduate,Arts,>20,50-99,Pvt Ltd,4,24
city_103,0.92,Male,Has relevent experience,no_enrollment,Graduate,STEM,>20,1000-4999,Pvt Ltd,4,8
city_102,0.804,Male,No relevent experience,no_enrollment,Graduate,STEM,3,100-500,Pvt Ltd,1,76
city_74,0.579,,Has relevent experience,Part time course,Graduate,STEM,3,<10,Pvt Ltd,1,20
city_103,0.92,Male,Has relevent experience,no_enrollment,Graduate,STEM,15,10000+,Pvt Ltd,>4,37
city_36,0.893,Male,Has relevent experience,no_enrollment,Masters,STEM,9,50-99,Pvt Ltd,>4,29
city_19,0.682,Male,No relevent experience,Full time course,Graduate,STEM,3,,,1,75
city_12,0.64,Male,Has relevent experience,no_enrollment,Graduate,STEM,14,1000-4999,Pvt Ltd,1,148
city_136,0.897,Male,Has relevent experience,no_enrollment,Masters,STEM,>20,5000-9999,Pvt Ltd,>4,43
city_21,0.624,,Has relevent experience,no_enrollment,Masters,STEM,7,<10,Early Stage Startup,1,40
city_160,0.92,Male,Has relevent experience,no_enrollment,Graduate,STEM,19,1000-4999,NGO,>4,70
city_16,0.91,,Has relevent experience,no_enrollment,Graduate,STEM,>20,10/49,Pvt Ltd,>4,282
city_103,0.92,Male,Has relevent experience,no_enrollment,Graduate,STEM,>20,1000-4999,Pvt Ltd,>4,64
city_128,0.527,Male,Has relevent experience,no_enrollment,Graduate,STEM,9,,,>4,17
city_103,0.92,Male,Has relevent experience,no_enrollment,Masters,Humanities,>20,5000-9999,Other,>4,50
city_28,0.939,Male,Has relevent experience,Full time course,Graduate,STEM,8,10000+,,>4,68
city_103,0.92,Female,Has relevent experience,no_enrollment,Graduate,STEM,2,50-99,Pvt Ltd,1,79
city_16,0.91,Male,Has relevent experience,no_enrollment,Graduate,STEM,18,100-500,Pvt Ltd,>4,61
city_103,0.92,Male,No relevent experience,no_enrollment,Masters,STEM,>20,10000+,Pvt Ltd,3,27
city_21,0.624,,Has relevent experience,Full time course,Masters,STEM,4,50-99,Pvt Ltd,never,42
city_115,0.789,,No relevent experience,Full time course,Graduate,STEM,2,,,1,23
city_30,0.698,Male,Has relevent experience,no_enrollment,,,8,,,1,15
city_23,0.899,,Has relevent experience,no_enrollment,Masters,STEM,>20,50-99,Early Stage Startup,2,120
city_21,0.624,,Has relevent experience,Full time course,Masters,STEM,3,50-99,Pvt Ltd,1,79
city_46,0.762,Male,Has relevent experience,no_enrollment,Masters,STEM,5,10000+,Public Sector,1,28
city_36,0.893,Male,Has relevent experience,Part time course,Graduate,STEM,14,10/49,Pvt Ltd,>4,17
city_16,0.91,Male,Has relevent experience,no_enrollment,High School,,>20,,,1,70
city_114,0.926,Male,Has relevent experience,no_enrollment,Masters,No Major,19,10000+,Pvt Ltd,never,18
city_103,0.92,Female,Has relevent experience,no_enrollment,Graduate,STEM,6,50-99,Pvt Ltd,4,124
city_21,0.624,Male,Has relevent experience,no_enrollment,Graduate,STEM,3,,Pvt Ltd,1,147
city_21,0.624,,Has relevent experience,no_enrollment,Graduate,STEM,13,10000+,Pvt Ltd,1,136
city_165,0.903,Male,No relevent experience,no_enrollment,Phd,STEM,>20,1000-4999,Public Sector,>4,54
city_103,0.92,Male,Has relevent experience,no_enrollment,Graduate,STEM,>20,,,1,47
city_114,0.926,Male,Has relevent experience,no_enrollment,Graduate,STEM,17,,,1,24
city_23,0.899,Male,Has relevent experience,no_enrollment,High School,,8,50-99,Public Sector,1,34
city_21,0.624,Female,Has relevent experience,no_enrollment,Graduate,STEM,11,50-99,Pvt Ltd,>4,74
city_16,0.91,Male,Has relevent experience,no_enrollment,Graduate,STEM,5,50-99,Pvt Ltd,1,19
city_136,0.897,Female,Has relevent experience,no_enrollment,Masters,STEM,14,10000+,Pvt Ltd,2,98
city_90,0.698,Male,No relevent experience,Full time course,Masters,STEM,3,,,never,108
city_103,0.92,Male,No relevent experience,Full time course,Graduate,STEM,3,,,never,138
city_114,0.926,Male,Has relevent experience,no_enrollment,Graduate,STEM,18,50-99,Public Sector,>4,19
city_61,0.913,Male,Has relevent experience,no_enrollment,Graduate,STEM,>20,1000-4999,Pvt Ltd,>4,64
city_16,0.91,,No relevent experience,no_enrollment,,,20,,,2,68
city_160,0.92,Male,Has relevent experience,no_enrollment,Graduate,STEM,>20,<10,Pvt Ltd,4,85
city_114,0.926,,Has relevent experience,no_enrollment,Graduate,Other,9,10000+,Pvt Ltd,4,34
city_75,0.939,Female,No relevent experience,Full time course,Masters,STEM,1,,Other,1,17
city_117,0.698,,Has relevent experience,Full time course,,,1,<10,Early Stage Startup,1,112
city_102,0.804,Male,Has relevent experience,no_enrollment,Masters,Other,13,10000+,Public Sector,1,166
city_97,0.925,Male,Has relevent experience,Full time course,Graduate,STEM,3,100-500,Pvt Ltd,2,228
city_64,0.6659999999999999,Female,Has relevent experience,Part time course,Graduate,STEM,5,<10,Early Stage Startup,never,15
city_150,0.698,,Has relevent experience,Full time course,High School,,11,10000+,Public Sector,>4,15
city_136,0.897,Male,No relevent experience,no_enrollment,Masters,STEM,10,,,1,60
city_97,0.925,Male,Has relevent experience,no_enrollment,High School,,>20,50-99,NGO,>4,88
city_67,0.855,Female,No relevent experience,Full time course,High School,,3,,,never,56
city_103,0.92,Female,Has relevent experience,no_enrollment,Masters,Other,5,,,1,54
city_173,0.878,Female,Has relevent experience,no_enrollment,Masters,STEM,10,100-500,Pvt Ltd,1,116
city_114,0.926,Male,No relevent experience,no_enrollment,High School,,8,50-99,Funded Startup,1,43
city_165,0.903,Male,Has relevent experience,no_enrollment,Graduate,STEM,3,100-500,Pvt Ltd,1,55
city_21,0.624,Male,Has relevent experience,no_enrollment,Graduate,STEM,12,10000+,Pvt Ltd,>4,14
city_103,0.92,,No relevent experience,Full time course,Graduate,STEM,2,50-99,NGO,1,20
city_36,0.893,Male,Has relevent experience,no_enrollment,Graduate,STEM,15,1000-4999,Pvt Ltd,>4,60
city_103,0.92,Male,Has relevent experience,no_enrollment,Graduate,STEM,>20,1000-4999,Pvt Ltd,1,4
city_136,0.897,Male,Has relevent experience,no_enrollment,Graduate,STEM,17,10000+,Pvt Ltd,>4,126
city_64,0.6659999999999999,Male,Has relevent experience,no_enrollment,Graduate,STEM,4,100-500,Pvt Ltd,1,312
city_23,0.899,Male,Has relevent experience,Full time course,Graduate,STEM,10,<10,Funded Startup,2,108
city_64,0.6659999999999999,Male,Has relevent experience,no_enrollment,Graduate,No Major,9,100-500,,1,53
city_73,0.754,Male,Has relevent experience,no_enrollment,Masters,STEM,14,10000+,Pvt Ltd,2,14
city_103,0.92,,Has relevent experience,Part time course,Masters,STEM,>20,,,1,39
city_74,0.579,Male,Has relevent experience,no_enrollment,Graduate,STEM,10,10/49,Pvt Ltd,2,32
city_21,0.624,Male,Has relevent experience,no_enrollment,Masters,STEM,17,50-99,Pvt Ltd,2,123
city_114,0.926,Male,Has relevent experience,Full time course,Masters,STEM,11,5000-9999,Public Sector,1,22
city_114,0.926,Male,Has relevent experience,no_enrollment,Masters,STEM,>20,<10,Pvt Ltd,4,124
city_128,0.527,Male,No relevent experience,no_enrollment,Masters,STEM,4,,,3,48
city_16,0.91,Male,No relevent experience,Full time course,Masters,STEM,1,,Public Sector,1,46
city_103,0.92,Female,Has relevent experience,no_enrollment,Graduate,STEM,9,10000+,Pvt Ltd,2,36
city_71,0.884,Male,Has relevent experience,no_enrollment,Graduate,STEM,3,10/49,Pvt Ltd,2,40
city_136,0.897,Male,Has relevent experience,no_enrollment,Masters,STEM,6,100-500,Pvt Ltd,1,98
city_65,0.802,Male,Has relevent experience,no_enrollment,Masters,STEM,>20,,,1,145
city_43,0.516,Male,Has relevent experience,no_enrollment,Graduate,STEM,4,,,never,43
city_16,0.91,Male,Has relevent experience,no_enrollment,Graduate,STEM,>20,,Public Sector,1,50
city_16,0.91,Other,Has relevent experience,no_enrollment,Graduate,STEM,11,10000+,Pvt Ltd,1,17
city_21,0.624,Male,Has relevent experience,no_enrollment,Masters,STEM,14,50-99,Pvt Ltd,4,8
city_21,0.624,Male,Has relevent experience,no_enrollment,Masters,STEM,9,,,4,17
city_102,0.804,,Has relevent experience,Full time course,High School,,6,500-999,Pvt Ltd,never,6
city_21,0.624,Male,Has relevent experience,Full time course,Graduate,STEM,2,10/49,Pvt Ltd,1,17
city_21,0.624,Male,Has relevent experience,no_enrollment,Graduate,STEM,7,50-99,Pvt Ltd,1,50
city_23,0.899,Male,Has relevent experience,no_enrollment,Graduate,STEM,13,500-999,Pvt Ltd,1,50
city_99,0.915,Male,Has relevent experience,no_enrollment,High School,,14,1000-4999,Pvt Ltd,1,6
city_21,0.624,,No relevent experience,no_enrollment,Graduate,STEM,1,50-99,Early Stage Startup,1,34
city_21,0.624,Male,No relevent experience,no_enrollment,High School,,4,,Pvt Ltd,never,21
city_103,0.92,Male,Has relevent experience,no_enrollment,Masters,STEM,>20,10000+,,1,38
city_21,0.624,Male,No relevent experience,Full time course,High School,,5,,,never,132
city_71,0.884,,Has relevent experience,no_enrollment,Masters,STEM,7,50-99,Pvt Ltd,1,15
city_65,0.802,Male,No relevent experience,,Graduate,STEM,6,100-500,Pvt Ltd,>4,26
city_21,0.624,Male,No relevent experience,no_enrollment,Graduate,Other,4,10000+,Pvt Ltd,2,102
city_45,0.89,Male,No relevent experience,Full time course,Masters,STEM,5,,,1,49
city_162,0.767,Male,Has relevent experience,no_enrollment,Graduate,STEM,13,1000-4999,Pvt Ltd,>4,68
city_103,0.92,Male,Has relevent experience,no_enrollment,Masters,STEM,20,100-500,Pvt Ltd,>4,33
city_105,0.794,Male,Has relevent experience,no_enrollment,Graduate,Business Degree,3,100-500,Pvt Ltd,2,12
city_103,0.92,Male,Has relevent experience,no_enrollment,Graduate,STEM,3,1000-4999,Pvt Ltd,1,4
city_104,0.924,Male,Has relevent experience,no_enrollment,Graduate,Humanities,14,50-99,Pvt Ltd,1,29
city_16,0.91,,No relevent experience,no_enrollment,High School,,1,,,never,125
city_13,0.8270000000000001,,Has relevent experience,no_enrollment,Masters,STEM,4,50-99,Pvt Ltd,1,11
city_44,0.725,Male,No relevent experience,Full time course,Graduate,STEM,3,,,1,50
city_89,0.925,,No relevent experience,Full time course,Graduate,STEM,6,1000-4999,Public Sector,1,4
city_21,0.624,Male,Has relevent experience,no_enrollment,Graduate,STEM,6,50-99,Public Sector,2,45
city_152,0.698,Male,No relevent experience,Full time course,Masters,STEM,3,,NGO,2,57
city_136,0.897,Male,No relevent experience,Full time course,Graduate,STEM,3,,,1,80
city_103,0.92,Male,Has relevent experience,no_enrollment,Graduate,STEM,19,,,4,9
city_160,0.92,Male,Has relevent experience,no_enrollment,Graduate,STEM,>20,,,1,47
city_73,0.754,Male,Has relevent experience,Full time course,Graduate,STEM,9,,,2,9
city_114,0.926,Male,No relevent experience,Full time course,Graduate,STEM,5,10/49,Early Stage Startup,1,21
city_21,0.624,,No relevent experience,Full time course,Masters,STEM,6,,,1,3
city_103,0.92,Male,No relevent experience,Full time course,Masters,STEM,9,,Public Sector,never,166
city_136,0.897,Male,No relevent experience,no_enrollment,Masters,STEM,8,10/49,Pvt Ltd,1,11
city_89,0.925,Male,Has relevent experience,no_enrollment,Graduate,STEM,12,10/49,Early Stage Startup,1,24
city_16,0.91,Male,Has relevent experience,no_enrollment,Masters,STEM,12,,,1,306
city_12,0.64,Male,Has relevent experience,no_enrollment,Graduate,STEM,18,100-500,Pvt Ltd,>4,48
city_73,0.754,Male,No relevent experience,Full time course,Graduate,STEM,5,,,never,13
city_103,0.92,Male,Has relevent experience,no_enrollment,Graduate,STEM,6,10/49,Pvt Ltd,3,26
city_28,0.939,Male,No relevent experience,Full time course,High School,,3,10000+,Pvt Ltd,3,36
city_70,0.698,Male,No relevent experience,,Graduate,Humanities,3,,,1,113
city_78,0.579,,No relevent experience,Full time course,Graduate,STEM,<1,,,never,6
city_67,0.855,Male,Has relevent experience,no_enrollment,Graduate,STEM,>20,100-500,Pvt Ltd,4,11
city_21,0.624,Male,Has relevent experience,no_enrollment,Masters,STEM,4,1000-4999,Pvt Ltd,1,28
city_89,0.925,Male,Has relevent experience,no_enrollment,Graduate,STEM,>20,1000-4999,Pvt Ltd,1,86
city_21,0.624,,No relevent experience,no_enrollment,Masters,Business Degree,<1,10000+,Pvt Ltd,1,18
city_103,0.92,Male,No relevent experience,no_enrollment,Graduate,STEM,16,10/49,Pvt Ltd,1,113
city_103,0.92,Male,Has relevent experience,no_enrollment,Graduate,STEM,10,100-500,,2,119
city_158,0.7659999999999999,Male,No relevent experience,Full time course,Graduate,STEM,4,,,2,168
city_114,0.926,Male,Has relevent experience,no_enrollment,Masters,STEM,>20,100-500,Pvt Ltd,3,56
city_21,0.624,Female,Has relevent experience,no_enrollment,Masters,STEM,1,,Other,never,11
city_162,0.767,,Has relevent experience,Full time course,Graduate,STEM,7,50-99,,,17
city_36,0.893,,Has relevent experience,no_enrollment,Graduate,STEM,5,<10,Pvt Ltd,1,63
city_114,0.926,Male,Has relevent experience,no_enrollment,Masters,STEM,6,500-999,Pvt Ltd,never,106
city_90,0.698,Male,Has relevent experience,no_enrollment,Graduate,STEM,5,100-500,,2,6
city_72,0.795,,No relevent experience,Full time course,High School,,3,50-99,Pvt Ltd,3,4
city_28,0.939,Male,Has relevent experience,no_enrollment,Masters,STEM,10,50-99,Other,2,38
city_64,0.6659999999999999,Male,Has relevent experience,no_enrollment,Graduate,STEM,>20,100-500,Pvt Ltd,>4,112
city_136,0.897,Male,Has relevent experience,no_enrollment,Graduate,STEM,>20,10/49,Pvt Ltd,>4,23
city_155,0.556,,Has relevent experience,no_enrollment,Graduate,STEM,16,<10,Early Stage Startup,1,26
city_158,0.7659999999999999,Male,No relevent experience,no_enrollment,,,2,,,never,22
city_16,0.91,Female,Has relevent experience,no_enrollment,Graduate,Humanities,<1,10/49,Funded Startup,1,15
city_136,0.897,Other,Has relevent experience,no_enrollment,Masters,STEM,5,10000+,,1,10
city_21,0.624,Male,Has relevent experience,no_enrollment,Masters,STEM,4,500-999,Pvt Ltd,3,4
city_103,0.92,Male,Has relevent experience,no_enrollment,Graduate,Arts,9,50-99,Pvt Ltd,1,9
city_21,0.624,Male,No relevent experience,no_enrollment,Masters,STEM,15,,Pvt Ltd,,12
city_98,0.949,Male,Has relevent experience,no_enrollment,Masters,STEM,13,50-99,,>4,28
city_21,0.624,Male,Has relevent experience,no_enrollment,Masters,STEM,14,50-99,Funded Startup,1,224
city_160,0.92,Male,No relevent experience,no_enrollment,Graduate,STEM,>20,100-500,NGO,1,7
city_97,0.925,Male,No relevent experience,Full time course,Masters,STEM,14,,,2,96
city_64,0.6659999999999999,,Has relevent experience,no_enrollment,Graduate,STEM,8,10/49,Pvt Ltd,1,88
city_160,0.92,Male,Has relevent experience,no_enrollment,Masters,STEM,7,100-500,,1,22
city_73,0.754,Male,Has relevent experience,no_enrollment,Graduate,STEM,9,,,2,133
city_21,0.624,Female,Has relevent experience,no_enrollment,Graduate,STEM,7,100-500,Pvt Ltd,>4,126
city_105,0.794,Male,Has relevent experience,no_enrollment,Graduate,No Major,9,50-99,Pvt Ltd,2,212
city_21,0.624,Male,Has relevent experience,no_enrollment,Graduate,STEM,<1,10000+,Pvt Ltd,never,36
city_21,0.624,Female,No relevent experience,Full time course,Masters,STEM,3,,,never,94
city_102,0.804,Male,No relevent experience,no_enrollment,Graduate,Humanities,,,,1,91
city_21,0.624,Male,Has relevent experience,no_enrollment,Masters,STEM,7,50-99,Early Stage Startup,1,21
city_103,0.92,Male,Has relevent experience,no_enrollment,Graduate,STEM,5,100-500,Pvt Ltd,1,140
city_71,0.884,Male,Has relevent experience,no_enrollment,Graduate,STEM,11,10/49,Pvt Ltd,2,42
city_45,0.89,Male,Has relevent experience,no_enrollment,Graduate,Business Degree,>20,,,1,86
city_21,0.624,,Has relevent experience,no_enrollment,Masters,STEM,<1,<10,Early Stage Startup,never,118
city_103,0.92,Male,No relevent experience,Full time course,Graduate,STEM,2,,,1,12
city_103,0.92,Male,Has relevent experience,no_enrollment,Graduate,Business Degree,>20,500-999,Funded Startup,3,22
city_160,0.92,Male,Has relevent experience,no_enrollment,Masters,STEM,>20,10000+,Pvt Ltd,>4,32
city_103,0.92,Male,Has relevent experience,no_enrollment,Graduate,STEM,10,10/49,Pvt Ltd,1,21
city_21,0.624,,Has relevent experience,Full time course,Graduate,STEM,2,50-99,NGO,1,10
city_16,0.91,Male,Has relevent experience,no_enrollment,Graduate,STEM,>20,50-99,Pvt Ltd,4,50
city_75,0.939,Male,Has relevent experience,no_enrollment,Graduate,STEM,>20,<10,Pvt Ltd,1,23
city_44,0.725,,Has relevent experience,no_enrollment,Masters,STEM,9,1000-4999,Pvt Ltd,2,18
city_74,0.579,Female,Has relevent experience,no_enrollment,Graduate,STEM,4,1000-4999,Pvt Ltd,1,67
city_141,0.763,Male,Has relevent experience,Full time course,Masters,STEM,2,50-99,Pvt Ltd,never,55
city_21,0.624,Male,Has relevent experience,no_enrollment,Masters,STEM,4,10/49,Pvt Ltd,2,30
city_103,0.92,Male,No relevent experience,no_enrollment,Phd,STEM,>20,50-99,NGO,>4,18
city_103,0.92,,Has relevent experience,no_enrollment,Graduate,STEM,4,10000+,Pvt Ltd,1,180
city_165,0.903,Male,Has relevent experience,no_enrollment,Graduate,No Major,>20,100-500,Pvt Ltd,2,42
city_75,0.939,Male,Has relevent experience,no_enrollment,Graduate,STEM,13,,,>4,11
city_103,0.92,Male,Has relevent experience,no_enrollment,Graduate,STEM,4,100-500,,1,10
city_103,0.92,Male,Has relevent experience,no_enrollment,Masters,Business Degree,>20,10000+,Pvt Ltd,>4,18
city_103,0.92,,Has relevent experience,no_enrollment,Graduate,STEM,14,100-500,Pvt Ltd,1,97
city_114,0.926,Male,No relevent experience,Full time course,Graduate,STEM,7,,,never,44
city_24,0.698,,Has relevent experience,no_enrollment,Masters,STEM,11,50-99,Pvt Ltd,1,15
city_103,0.92,Male,Has relevent experience,no_enrollment,Graduate,STEM,7,50-99,Pvt Ltd,1,17
city_73,0.754,Male,Has relevent experience,no_enrollment,Graduate,STEM,5,,,1,24
city_149,0.6890000000000001,,No relevent experience,Full time course,Graduate,STEM,7,50-99,Pvt Ltd,never,300
city_28,0.939,Male,Has relevent experience,no_enrollment,Graduate,STEM,16,10/49,Pvt Ltd,1,25
city_143,0.74,Male,No relevent experience,no_enrollment,High School,,5,,,never,24
city_21,0.624,Male,Has relevent experience,no_enrollment,Masters,STEM,6,,,2,74
city_21,0.624,Male,Has relevent experience,no_enrollment,Graduate,STEM,3,100-500,Funded Startup,2,78
city_114,0.926,,Has relevent experience,no_enrollment,Graduate,Business Degree,12,,,>4,35
city_123,0.738,Male,No relevent experience,Full time course,Graduate,STEM,3,,,never,70
city_16,0.91,Male,Has relevent experience,no_enrollment,Graduate,STEM,10,10000+,Pvt Ltd,4,176
city_146,0.735,,Has relevent experience,Full time course,Graduate,STEM,6,,,1,42
city_103,0.92,Female,Has relevent experience,no_enrollment,Graduate,STEM,9,,Public Sector,4,86
city_102,0.804,Male,Has relevent experience,no_enrollment,Phd,STEM,>20,100-500,Public Sector,>4,28
city_16,0.91,Male,Has relevent experience,no_enrollment,Graduate,No Major,5,1000-4999,Pvt Ltd,1,43
city_103,0.92,,Has relevent experience,no_enrollment,Graduate,STEM,4,100-500,Pvt Ltd,1,58
city_126,0.479,Female,No relevent experience,Part time course,Masters,STEM,9,,,1,99
city_114,0.926,Other,No relevent experience,Full time course,Masters,STEM,>20,,,2,50
city_123,0.738,Male,No relevent experience,no_enrollment,Graduate,STEM,2,,,never,51
city_103,0.92,,Has relevent experience,no_enrollment,Graduate,STEM,5,50-99,Pvt Ltd,1,28
city_16,0.91,Male,Has relevent experience,no_enrollment,High School,,5,,,never,42
city_103,0.92,Male,Has relevent experience,no_enrollment,Graduate,STEM,>20,,,>4,129
city_103,0.92,,Has relevent experience,no_enrollment,Graduate,STEM,,<10,Pvt Ltd,>4,19
city_21,0.624,Male,Has relevent experience,no_enrollment,Masters,STEM,10,50-99,Pvt Ltd,1,112
city_104,0.924,Male,Has relevent experience,no_enrollment,Masters,Humanities,7,<10,Pvt Ltd,1,163
city_75,0.939,,Has relevent experience,no_enrollment,Graduate,STEM,11,100-500,Pvt Ltd,>4,67
city_103,0.92,Male,Has relevent experience,no_enrollment,Graduate,Arts,1,500-999,,1,154
city_103,0.92,Male,Has relevent experience,no_enrollment,Graduate,STEM,10,50-99,Pvt Ltd,1,49
city_65,0.802,Male,No relevent experience,no_enrollment,Phd,STEM,10,100-500,Public Sector,>4,73
city_103,0.92,Male,Has relevent experience,no_enrollment,Graduate,STEM,4,1000-4999,Public Sector,1,21
city_21,0.624,Male,No relevent experience,Full time course,Graduate,STEM,<1,,,never,18
city_114,0.926,Male,Has relevent experience,no_enrollment,Graduate,STEM,7,100-500,Pvt Ltd,>4,5
city_103,0.92,Male,No relevent experience,Full time course,Graduate,STEM,7,,Pvt Ltd,never,28
city_75,0.939,Male,Has relevent experience,Full time course,Phd,STEM,>20,,,>4,50
city_75,0.939,Male,Has relevent experience,no_enrollment,Masters,STEM,16,5000-9999,NGO,2,166
city_26,0.698,Male,Has relevent experience,no_enrollment,Masters,Humanities,13,50-99,Pvt Ltd,1,50
city_102,0.804,Male,Has relevent experience,Full time course,,,11,100-500,Pvt Ltd,2,125
city_16,0.91,Male,Has relevent experience,no_enrollment,Primary School,,>20,,,2,90
city_16,0.91,Male,Has relevent experience,no_enrollment,Graduate,STEM,>20,10000+,Pvt Ltd,2,70
city_36,0.893,Male,Has relevent experience,no_enrollment,Masters,STEM,10,<10,Pvt Ltd,1,188
city_103,0.92,Male,Has relevent experience,no_enrollment,Graduate,Arts,4,,,1,58
city_160,0.92,Male,Has relevent experience,no_enrollment,Graduate,STEM,4,100-500,Public Sector,2,160
city_65,0.802,,Has relevent experience,no_enrollment,Graduate,STEM,18,1000-4999,Pvt Ltd,>4,20
city_102,0.804,Male,Has relevent experience,no_enrollment,Masters,STEM,13,1000-4999,Pvt Ltd,3,60
city_103,0.92,Female,No relevent experience,no_enrollment,Graduate,STEM,2,,Public Sector,1,28
city_103,0.92,Female,Has relevent experience,no_enrollment,Graduate,Humanities,3,,,never,12
city_165,0.903,Male,No relevent experience,Full time course,High School,,2,,Funded Startup,1,28
city_11,0.55,Male,Has relevent experience,Part time course,Masters,STEM,9,50-99,Pvt Ltd,3,10
city_103,0.92,Male,Has relevent experience,no_enrollment,Graduate,STEM,>20,,,>4,25
city_114,0.926,,Has relevent experience,no_enrollment,Masters,STEM,>20,,,1,68
city_21,0.624,,No relevent experience,Full time course,Primary School,,1,<10,Public Sector,never,15
city_103,0.92,Male,No relevent experience,no_enrollment,Masters,Humanities,20,100-500,NGO,4,35
city_103,0.92,Male,Has relevent experience,no_enrollment,Graduate,STEM,>20,5000-9999,Pvt Ltd,>4,165
city_103,0.92,Male,No relevent experience,no_enrollment,Graduate,STEM,15,,,>4,103
city_114,0.926,,No relevent experience,no_enrollment,High School,,15,,,>4,60
city_28,0.939,Male,No relevent experience,Full time course,High School,,3,50-99,Public Sector,1,30
city_21,0.624,Male,No relevent experience,Full time course,High School,,5,,,never,165
city_103,0.92,Male,No relevent experience,no_enrollment,High School,,<1,,,never,60
city_128,0.527,Male,Has relevent experience,no_enrollment,Graduate,STEM,4,,,2,80
city_74,0.579,Male,Has relevent experience,Full time course,Graduate,STEM,6,10/49,Pvt Ltd,,21
city_16,0.91,Male,Has relevent experience,no_enrollment,Masters,STEM,>20,500-999,Pvt Ltd,4,20
city_90,0.698,Male,Has relevent experience,Part time course,Graduate,STEM,6,<10,Pvt Ltd,1,47
city_21,0.624,Male,Has relevent experience,no_enrollment,Graduate,STEM,6,10000+,Pvt Ltd,1,142
city_103,0.92,Male,Has relevent experience,no_enrollment,Graduate,STEM,15,,,>4,89
city_21,0.624,Female,Has relevent experience,no_enrollment,Graduate,STEM,5,1000-4999,Pvt Ltd,3,60
city_136,0.897,,Has relevent experience,no_enrollment,Masters,STEM,>20,,,never,40
city_103,0.92,Male,Has relevent experience,no_enrollment,Graduate,STEM,17,100-500,Pvt Ltd,>4,106
city_46,0.762,,Has relevent experience,Part time course,Graduate,STEM,10,100-500,Pvt Ltd,2,8
city_114,0.926,Male,No relevent experience,Full time course,Masters,STEM,17,1000-4999,NGO,1,62
city_71,0.884,Male,Has relevent experience,no_enrollment,Masters,STEM,15,10/49,Pvt Ltd,3,24
city_114,0.926,Male,No relevent experience,Full time course,Masters,STEM,13,10000+,Public Sector,4,90
city_21,0.624,,Has relevent experience,no_enrollment,Masters,STEM,<1,100-500,Pvt Ltd,2,22
city_73,0.754,Male,Has relevent experience,Full time course,Graduate,STEM,3,50-99,Pvt Ltd,1,23
city_61,0.913,Male,Has relevent experience,no_enrollment,High School,,>20,1000-4999,Pvt Ltd,3,46
city_136,0.897,Male,No relevent experience,no_enrollment,Graduate,Business Degree,17,,,>4,51
city_123,0.738,Female,Has relevent experience,no_enrollment,High School,,8,,,never,28
city_16,0.91,Male,Has relevent experience,Part time course,Graduate,STEM,3,1000-4999,,1,148
city_103,0.92,Female,Has relevent experience,no_enrollment,Graduate,STEM,20,,,>4,20
city_103,0.92,Male,Has relevent experience,no_enrollment,High School,,18,10000+,Pvt Ltd,2,25
city_89,0.925,Male,Has relevent experience,no_enrollment,Graduate,STEM,>20,50-99,Pvt Ltd,never,58
city_16,0.91,Male,Has relevent experience,no_enrollment,Graduate,STEM,16,1000-4999,Pvt Ltd,>4,24
city_21,0.624,Male,Has relevent experience,Full time course,Graduate,STEM,1,50-99,Pvt Ltd,1,25
city_103,0.92,Male,Has relevent experience,no_enrollment,Graduate,STEM,>20,50-99,Pvt Ltd,>4,55
city_103,0.92,Male,Has relevent experience,no_enrollment,Graduate,Other,4,100-500,Pvt Ltd,1,22
city_28,0.939,Male,No relevent experience,no_enrollment,Phd,STEM,11,,Public Sector,>4,24
city_23,0.899,Male,Has relevent experience,no_enrollment,Graduate,STEM,16,1000-4999,Pvt Ltd,never,5
city_160,0.92,Male,Has relevent experience,no_enrollment,Graduate,STEM,11,<10,Pvt Ltd,2,17
city_136,0.897,Male,Has relevent experience,no_enrollment,Masters,STEM,9,50-99,Pvt Ltd,2,39
city_67,0.855,Male,Has relevent experience,Part time course,High School,,10,,,1,16
city_67,0.855,Male,Has relevent experience,Full time course,Graduate,STEM,7,10/49,Pvt Ltd,1,22
city_103,0.92,Male,Has relevent experience,no_enrollment,Graduate,STEM,10,100-500,Pvt Ltd,3,258
city_21,0.624,Male,Has relevent experience,no_enrollment,Graduate,Business Degree,17,,,4,21
city_100,0.887,Male,Has relevent experience,Part time course,Graduate,STEM,8,50-99,Pvt Ltd,1,28
city_16,0.91,Male,No relevent experience,no_enrollment,Graduate,No Major,5,,,1,118
city_21,0.624,,No relevent experience,Full time course,Masters,STEM,3,,,never,163
city_103,0.92,,No relevent experience,no_enrollment,Masters,STEM,15,,,>4,109
city_21,0.624,,No relevent experience,Full time course,Graduate,,2,,Pvt Ltd,1,50
city_159,0.843,Male,Has relevent experience,no_enrollment,Graduate,STEM,15,10/49,Funded Startup,>4,166
city_103,0.92,Male,Has relevent experience,no_enrollment,Graduate,STEM,4,50-99,Funded Startup,4,62
city_101,0.5579999999999999,Male,No relevent experience,Part time course,High School,,6,,,>4,63
city_65,0.802,,Has relevent experience,Full time course,Graduate,STEM,16,500-999,Pvt Ltd,>4,48
city_104,0.924,,Has relevent experience,no_enrollment,Graduate,STEM,15,10000+,Pvt Ltd,1,48
city_45,0.89,Male,Has relevent experience,Full time course,Graduate,STEM,2,50-99,Pvt Ltd,1,86
city_75,0.939,Male,Has relevent experience,no_enrollment,High School,,>20,50-99,Pvt Ltd,>4,57
city_103,0.92,Male,Has relevent experience,no_enrollment,Graduate,STEM,>20,50-99,Funded Startup,1,76
city_103,0.92,Male,No relevent experience,Part time course,Graduate,STEM,2,1000-4999,Pvt Ltd,1,160
city_160,0.92,Male,Has relevent experience,no_enrollment,Graduate,STEM,4,<10,Pvt Ltd,1,78
city_114,0.926,Male,Has relevent experience,no_enrollment,Graduate,STEM,11,50-99,Pvt Ltd,1,108
city_103,0.92,Male,No relevent experience,no_enrollment,Graduate,STEM,12,500-999,Pvt Ltd,1,336
city_50,0.8959999999999999,Male,Has relevent experience,no_enrollment,Phd,STEM,>20,50-99,Pvt Ltd,never,222
city_21,0.624,Male,Has relevent experience,no_enrollment,Masters,STEM,9,50-99,Pvt Ltd,2,246
city_138,0.836,,Has relevent experience,no_enrollment,High School,,9,,,2,22
city_103,0.92,,No relevent experience,,High School,,2,,,never,46
city_160,0.92,Male,No relevent experience,Part time course,Graduate,STEM,9,,,2,55
city_21,0.624,,Has relevent experience,Full time course,Graduate,STEM,3,,,,72
city_136,0.897,Male,Has relevent experience,no_enrollment,Graduate,Humanities,>20,1000-4999,Pvt Ltd,4,6
city_103,0.92,Other,Has relevent experience,no_enrollment,Graduate,STEM,>20,50-99,Pvt Ltd,>4,78
city_159,0.843,,No relevent experience,no_enrollment,Phd,STEM,9,10000+,Pvt Ltd,1,87
city_123,0.738,Male,Has relevent experience,no_enrollment,Graduate,STEM,14,10/49,Funded Startup,1,47
city_159,0.843,,Has relevent experience,no_enrollment,Masters,STEM,12,50-99,Public Sector,1,4
city_75,0.939,,Has relevent experience,no_enrollment,Graduate,STEM,7,50-99,Pvt Ltd,>4,108
city_114,0.926,Male,Has relevent experience,no_enrollment,Masters,STEM,3,1000-4999,Pvt Ltd,1,242
city_100,0.887,Male,Has relevent experience,no_enrollment,High School,,>20,100-500,Pvt Ltd,1,47
city_11,0.55,Male,Has relevent experience,no_enrollment,Graduate,STEM,3,10/49,Pvt Ltd,1,5
city_45,0.89,Male,Has relevent experience,no_enrollment,Masters,STEM,>20,,,1,30
city_21,0.624,,Has relevent experience,no_enrollment,Graduate,STEM,15,100-500,Pvt Ltd,4,22
city_21,0.624,Male,No relevent experience,Part time course,Graduate,No Major,9,,,never,34
city_16,0.91,Male,Has relevent experience,no_enrollment,Graduate,STEM,15,50-99,Pvt Ltd,1,4
city_16,0.91,,Has relevent experience,no_enrollment,Graduate,STEM,3,1000-4999,Pvt Ltd,1,54
city_104,0.924,Male,Has relevent experience,no_enrollment,Graduate,STEM,7,<10,Early Stage Startup,never,8
city_103,0.92,Male,Has relevent experience,no_enrollment,Graduate,STEM,>20,50-99,Pvt Ltd,>4,28
city_103,0.92,Male,Has relevent experience,no_enrollment,Masters,STEM,8,50-99,,1,17
city_114,0.926,Male,Has relevent experience,no_enrollment,Graduate,STEM,19,10/49,Funded Startup,2,45
city_160,0.92,Male,Has relevent experience,,Graduate,STEM,>20,,,>4,50
city_103,0.92,,Has relevent experience,no_enrollment,,,15,500-999,Pvt Ltd,>4,33
city_114,0.926,Male,Has relevent experience,no_enrollment,High School,,11,50-99,Pvt Ltd,1,9
city_23,0.899,Male,Has relevent experience,Part time course,Graduate,STEM,18,100-500,Pvt Ltd,>4,7
city_104,0.924,Male,Has relevent experience,Full time course,Graduate,STEM,9,100-500,Pvt Ltd,1,9
city_103,0.92,Male,Has relevent experience,no_enrollment,Graduate,STEM,5,10/49,Pvt Ltd,1,56
city_136,0.897,,No relevent experience,,,,4,,,,222
city_103,0.92,Male,Has relevent experience,no_enrollment,Graduate,STEM,9,,,3,52
city_21,0.624,,No relevent experience,no_enrollment,Masters,STEM,5,,Public Sector,2,141
city_21,0.624,Male,Has relevent experience,no_enrollment,Graduate,STEM,4,50-99,Pvt Ltd,1,57
city_67,0.855,Male,Has relevent experience,no_enrollment,Graduate,STEM,8,50-99,Funded Startup,>4,23
city_114,0.926,Male,No relevent experience,no_enrollment,High School,,1,,,never,85
city_103,0.92,Male,Has relevent experience,no_enrollment,Masters,STEM,12,10000+,Pvt Ltd,2,36
city_21,0.624,Male,Has relevent experience,no_enrollment,Graduate,STEM,16,10000+,Pvt Ltd,>4,7
city_103,0.92,Male,Has relevent experience,no_enrollment,Graduate,STEM,6,<10,Pvt Ltd,1,38
city_103,0.92,,No relevent experience,Full time course,Masters,Humanities,>20,,,1,35
city_114,0.926,Male,Has relevent experience,no_enrollment,Masters,STEM,>20,50-99,Pvt Ltd,>4,33
city_90,0.698,,No relevent experience,Full time course,Graduate,STEM,2,100-500,Pvt Ltd,,145
city_21,0.624,Male,Has relevent experience,no_enrollment,Masters,STEM,>20,1000-4999,Pvt Ltd,2,56
city_103,0.92,Male,Has relevent experience,no_enrollment,Masters,Other,12,10000+,Pvt Ltd,2,80
city_21,0.624,Male,Has relevent experience,no_enrollment,Graduate,STEM,8,1000-4999,Pvt Ltd,1,48
city_28,0.939,,Has relevent experience,no_enrollment,Masters,STEM,14,10000+,Pvt Ltd,never,109
city_102,0.804,,Has relevent experience,no_enrollment,Graduate,STEM,13,50-99,Pvt Ltd,1,22
city_103,0.92,Female,No relevent experience,no_enrollment,Phd,STEM,>20,1000-4999,Pvt Ltd,1,26
city_103,0.92,Male,Has relevent experience,no_enrollment,Graduate,Business Degree,1,1000-4999,NGO,1,48
city_16,0.91,Male,Has relevent experience,no_enrollment,Masters,STEM,>20,100-500,Pvt Ltd,>4,53
city_103,0.92,Male,Has relevent experience,no_enrollment,Graduate,No Major,17,5000-9999,Pvt Ltd,1,125
city_128,0.527,,No relevent experience,no_enrollment,Masters,STEM,<1,,,1,28
city_103,0.92,Male,Has relevent experience,no_enrollment,Graduate,Business Degree,14,1000-4999,Pvt Ltd,>4,38
city_77,0.83,Male,Has relevent experience,no_enrollment,Graduate,Other,10,,,2,70
city_16,0.91,Male,No relevent experience,no_enrollment,Masters,Humanities,7,100-500,NGO,1,14
city_20,0.7959999999999999,,No relevent experience,no_enrollment,Graduate,Humanities,7,100-500,,1,114
city_16,0.91,Female,No relevent experience,Full time course,Graduate,Other,5,10/49,Pvt Ltd,1,127
city_103,0.92,Female,Has relevent experience,no_enrollment,Graduate,Other,4,100-500,Pvt Ltd,3,70
city_16,0.91,,No relevent experience,no_enrollment,High School,,2,,,never,108
city_98,0.949,Male,No relevent experience,no_enrollment,Phd,Humanities,6,1000-4999,Public Sector,>4,127
city_16,0.91,,Has relevent experience,no_enrollment,Graduate,STEM,9,<10,Early Stage Startup,1,56
city_64,0.6659999999999999,,Has relevent experience,no_enrollment,Graduate,STEM,6,50-99,Pvt Ltd,1,42
city_16,0.91,,Has relevent experience,no_enrollment,Graduate,STEM,>20,10/49,Pvt Ltd,1,30
city_103,0.92,Male,Has relevent experience,no_enrollment,Masters,STEM,>20,5000-9999,Pvt Ltd,>4,86
city_45,0.89,,Has relevent experience,no_enrollment,Graduate,STEM,10,100-500,Pvt Ltd,2,78
city_103,0.92,Male,No relevent experience,Full time course,Graduate,STEM,6,,,never,53
city_103,0.92,Female,Has relevent experience,no_enrollment,Masters,STEM,>20,,,1,64
city_16,0.91,Male,Has relevent experience,no_enrollment,High School,,<1,10/49,Pvt Ltd,>4,57
city_41,0.8270000000000001,Other,No relevent experience,Full time course,Graduate,STEM,10,,Public Sector,1,50
city_21,0.624,,No relevent experience,Full time course,Masters,STEM,<1,,,never,55
city_16,0.91,Male,Has relevent experience,no_enrollment,Graduate,STEM,15,,,>4,58
city_10,0.895,Male,No relevent experience,no_enrollment,,,3,<10,Pvt Ltd,2,4
city_21,0.624,,No relevent experience,Full time course,Masters,STEM,5,<10,,>4,7
city_67,0.855,,Has relevent experience,no_enrollment,Masters,STEM,3,50-99,Pvt Ltd,1,132
city_21,0.624,,Has relevent experience,Full time course,Graduate,STEM,6,,,>4,41
city_73,0.754,,No relevent experience,no_enrollment,Primary School,,2,,Pvt Ltd,never,102
city_19,0.682,,No relevent experience,Full time course,Graduate,STEM,3,,,never,23
city_16,0.91,Male,No relevent experience,Full time course,Graduate,STEM,9,,,1,23
city_160,0.92,Male,No relevent experience,no_enrollment,,,3,,,,53
city_21,0.624,,Has relevent experience,no_enrollment,Masters,STEM,4,100-500,Pvt Ltd,1,123
city_65,0.802,Male,No relevent experience,no_enrollment,Graduate,STEM,4,,,never,52
city_21,0.624,Female,No relevent experience,no_enrollment,Graduate,STEM,2,10/49,,never,59
city_114,0.926,,No relevent experience,Full time course,Graduate,Other,1,10/49,Early Stage Startup,1,14
city_103,0.92,Male,No relevent experience,Full time course,High School,,5,50-99,NGO,1,3
city_103,0.92,Male,No relevent experience,Full time course,Graduate,STEM,6,,,2,42
city_103,0.92,Male,Has relevent experience,no_enrollment,Graduate,STEM,11,,,>4,42
city_114,0.926,Male,Has relevent experience,no_enrollment,High School,,8,10/49,,>4,29
city_160,0.92,Male,Has relevent experience,no_enrollment,Graduate,STEM,15,100-500,Pvt Ltd,>4,40
city_103,0.92,Male,Has relevent experience,no_enrollment,Phd,STEM,>20,<10,Pvt Ltd,never,144
city_103,0.92,Male,No relevent experience,Full time course,Graduate,STEM,9,,,>4,46
city_21,0.624,Male,Has relevent experience,Part time course,Graduate,STEM,4,10000+,Pvt Ltd,4,50
city_162,0.767,Male,Has relevent experience,no_enrollment,Graduate,STEM,3,<10,Pvt Ltd,3,12
city_115,0.789,Male,Has relevent experience,no_enrollment,Graduate,STEM,7,50-99,,1,26
city_100,0.887,Male,Has relevent experience,no_enrollment,Graduate,STEM,16,,,4,103
city_21,0.624,,Has relevent experience,Full time course,Graduate,STEM,12,50-99,Pvt Ltd,>4,77
city_21,0.624,Male,Has relevent experience,no_enrollment,Masters,STEM,9,100-500,Pvt Ltd,>4,96
city_65,0.802,,Has relevent experience,no_enrollment,Graduate,STEM,12,1000-4999,Pvt Ltd,never,64
city_50,0.8959999999999999,Male,No relevent experience,Full time course,High School,,4,,,never,168
city_103,0.92,,Has relevent experience,Full time course,Masters,STEM,10,10/49,Funded Startup,1,105
city_23,0.899,Female,No relevent experience,Full time course,High School,,2,5000-9999,Pvt Ltd,1,168
city_50,0.8959999999999999,Male,Has relevent experience,no_enrollment,Graduate,STEM,14,,,1,316
city_21,0.624,Male,Has relevent experience,no_enrollment,Graduate,STEM,2,10000+,Pvt Ltd,2,44
city_114,0.926,Male,Has relevent experience,no_enrollment,Masters,STEM,>20,10/49,Pvt Ltd,>4,74
city_114,0.926,Male,Has relevent experience,no_enrollment,Masters,STEM,10,10/49,Early Stage Startup,1,254
city_28,0.939,,No relevent experience,Part time course,Graduate,STEM,3,5000-9999,Pvt Ltd,2,72
city_160,0.92,Male,Has relevent experience,Full time course,Graduate,STEM,10,50-99,Pvt Ltd,1,60
city_73,0.754,Male,Has relevent experience,no_enrollment,Masters,STEM,>20,<10,Early Stage Startup,>4,46
city_103,0.92,Male,Has relevent experience,no_enrollment,Graduate,STEM,>20,10/49,Pvt Ltd,2,160
city_103,0.92,Male,No relevent experience,no_enrollment,Graduate,STEM,5,,,1,89
city_114,0.926,Female,Has relevent experience,no_enrollment,Masters,STEM,11,50-99,Pvt Ltd,2,8
city_7,0.647,Male,Has relevent experience,Part time course,Masters,STEM,11,10/49,,never,24
city_16,0.91,,Has relevent experience,no_enrollment,Graduate,STEM,>20,,,1,15
city_24,0.698,,No relevent experience,Full time course,High School,,9,,,2,23
city_103,0.92,Male,Has relevent experience,no_enrollment,Graduate,STEM,4,50-99,Pvt Ltd,1,4
city_102,0.804,Male,No relevent experience,Full time course,Masters,STEM,1,50-99,Public Sector,1,45
city_150,0.698,Male,Has relevent experience,no_enrollment,,,11,,,1,190
city_21,0.624,,No relevent experience,Full time course,High School,,2,,,1,40
city_118,0.722,Male,No relevent experience,Full time course,High School,,2,500-999,Pvt Ltd,never,28
city_21,0.624,,Has relevent experience,Full time course,Graduate,STEM,5,500-999,Funded Startup,2,27
city_103,0.92,Female,Has relevent experience,no_enrollment,Masters,Other,12,10/49,Pvt Ltd,1,28
city_115,0.789,Male,Has relevent experience,no_enrollment,Graduate,STEM,>20,10/49,Pvt Ltd,1,4
city_114,0.926,Male,Has relevent experience,no_enrollment,Graduate,STEM,14,10/49,Pvt Ltd,never,202
city_103,0.92,Male,Has relevent experience,no_enrollment,Masters,Humanities,>20,10000+,Pvt Ltd,>4,80
city_65,0.802,Male,Has relevent experience,Full time course,Graduate,STEM,3,1000-4999,Pvt Ltd,1,92
city_11,0.55,Male,Has relevent experience,no_enrollment,Masters,STEM,17,1000-4999,Public Sector,>4,107
city_103,0.92,,Has relevent experience,,,,>20,,,,21
city_103,0.92,Male,Has relevent experience,no_enrollment,Graduate,STEM,4,5000-9999,Pvt Ltd,2,20
city_98,0.949,Male,Has relevent experience,no_enrollment,Graduate,STEM,>20,500-999,Pvt Ltd,>4,6
city_145,0.555,,No relevent experience,Part time course,Graduate,STEM,11,,,>4,140
city_21,0.624,Male,Has relevent experience,no_enrollment,Graduate,STEM,6,10000+,Pvt Ltd,1,99
city_103,0.92,Male,Has relevent experience,no_enrollment,Graduate,STEM,>20,50-99,Pvt Ltd,2,22
city_16,0.91,Female,Has relevent experience,no_enrollment,Masters,STEM,9,100-500,NGO,1,8
city_21,0.624,,No relevent experience,Full time course,Graduate,STEM,12,,,never,57
city_28,0.939,Male,No relevent experience,no_enrollment,Graduate,STEM,4,50-99,Pvt Ltd,1,97
city_78,0.579,,No relevent experience,,,,<1,,,1,163
city_160,0.92,Male,Has relevent experience,no_enrollment,Graduate,STEM,13,<10,Early Stage Startup,2,55
city_21,0.624,,Has relevent experience,no_enrollment,Graduate,No Major,<1,10/49,Pvt Ltd,4,146
city_67,0.855,Male,Has relevent experience,no_enrollment,Graduate,Humanities,9,10000+,Pvt Ltd,2,226
city_23,0.899,Male,Has relevent experience,Full time course,Graduate,STEM,9,50-99,Funded Startup,1,42
city_102,0.804,Male,Has relevent experience,no_enrollment,Masters,STEM,>20,50-99,Pvt Ltd,1,21
city_50,0.8959999999999999,,No relevent experience,Full time course,High School,,2,,,1,20
city_160,0.92,Male,No relevent experience,no_enrollment,Graduate,Humanities,8,100-500,Pvt Ltd,1,41
city_103,0.92,Male,Has relevent experience,no_enrollment,Graduate,STEM,5,100-500,Pvt Ltd,1,46
city_21,0.624,,Has relevent experience,no_enrollment,Graduate,STEM,10,500-999,Pvt Ltd,1,126
city_16,0.91,Male,Has relevent experience,no_enrollment,Graduate,STEM,16,,,1,52
city_136,0.897,,No relevent experience,Full time course,Masters,STEM,4,,,1,51
city_142,0.727,Male,Has relevent experience,no_enrollment,Graduate,STEM,3,<10,Pvt Ltd,1,174
city_21,0.624,Male,No relevent experience,,Graduate,Other,2,10/49,NGO,2,48
city_103,0.92,Male,Has relevent experience,no_enrollment,Graduate,STEM,5,5000-9999,,1,34
city_9,0.743,Male,No relevent experience,no_enrollment,,,7,,Pvt Ltd,never,78
city_136,0.897,Female,No relevent experience,no_enrollment,Phd,STEM,11,1000-4999,Pvt Ltd,1,150
city_21,0.624,Male,Has relevent experience,no_enrollment,Masters,STEM,12,<10,Funded Startup,2,26
city_104,0.924,,Has relevent experience,no_enrollment,Graduate,STEM,4,50-99,Pvt Ltd,1,58
city_103,0.92,Male,Has relevent experience,no_enrollment,Graduate,STEM,19,500-999,Public Sector,1,55
city_21,0.624,Male,No relevent experience,Full time course,High School,,2,,,never,34
city_16,0.91,Male,No relevent experience,no_enrollment,Graduate,Arts,2,50-99,Pvt Ltd,2,48
city_73,0.754,,No relevent experience,no_enrollment,Graduate,Other,14,,,1,63
city_114,0.926,Female,Has relevent experience,no_enrollment,Graduate,STEM,10,1000-4999,Pvt Ltd,1,37
city_65,0.802,Male,Has relevent experience,no_enrollment,Graduate,STEM,14,5000-9999,Pvt Ltd,>4,130
city_16,0.91,Male,Has relevent experience,no_enrollment,Masters,STEM,>20,,,1,14
city_176,0.764,Male,Has relevent experience,,Graduate,STEM,4,50-99,Pvt Ltd,2,36
city_21,0.624,,No relevent experience,Full time course,Graduate,STEM,1,,,never,18
city_136,0.897,Male,Has relevent experience,no_enrollment,Masters,STEM,9,50-99,Other,2,64
city_103,0.92,Male,Has relevent experience,no_enrollment,Graduate,STEM,8,100-500,Pvt Ltd,3,72
city_21,0.624,,No relevent experience,Full time course,Graduate,STEM,1,,,never,176
city_128,0.527,,No relevent experience,Full time course,High School,,2,,,1,300
city_40,0.7759999999999999,Male,Has relevent experience,no_enrollment,Graduate,STEM,>20,,,>4,22
city_103,0.92,Male,Has relevent experience,no_enrollment,Graduate,STEM,19,500-999,Funded Startup,1,198
city_160,0.92,Male,Has relevent experience,Full time course,High School,,4,,,1,214
city_16,0.91,Male,Has relevent experience,Full time course,Graduate,STEM,15,1000-4999,Pvt Ltd,1,37
city_71,0.884,Male,Has relevent experience,no_enrollment,Graduate,STEM,13,10/49,Pvt Ltd,2,101
city_103,0.92,Other,No relevent experience,no_enrollment,Primary School,,3,,,never,136
city_21,0.624,Male,No relevent experience,Part time course,Graduate,STEM,2,10/49,Early Stage Startup,2,20
city_67,0.855,Male,Has relevent experience,Full time course,Masters,STEM,10,100-500,Pvt Ltd,2,38
city_114,0.926,Female,No relevent experience,no_enrollment,Masters,STEM,6,<10,Public Sector,>4,4
city_75,0.939,Male,Has relevent experience,no_enrollment,Graduate,STEM,17,,,>4,46
city_16,0.91,Male,Has relevent experience,no_enrollment,Graduate,STEM,>20,500-999,Pvt Ltd,>4,22
city_114,0.926,Male,No relevent experience,Full time course,High School,,3,1000-4999,Pvt Ltd,1,166
city_123,0.738,,No relevent experience,Full time course,Graduate,STEM,4,,,,9
city_136,0.897,,No relevent experience,Full time course,Graduate,STEM,<1,,,never,31
city_103,0.92,Male,Has relevent experience,no_enrollment,Graduate,STEM,14,<10,Pvt Ltd,1,68
city_21,0.624,,Has relevent experience,no_enrollment,Graduate,STEM,4,5000-9999,Pvt Ltd,never,25
city_13,0.8270000000000001,Male,Has relevent experience,no_enrollment,Graduate,STEM,10,50-99,Pvt Ltd,1,55
city_16,0.91,Male,No relevent experience,no_enrollment,High School,,4,,,1,24
city_103,0.92,Male,No relevent experience,no_enrollment,Graduate,STEM,>20,500-999,Pvt Ltd,1,92
city_150,0.698,Male,Has relevent experience,no_enrollment,Graduate,STEM,10,<10,Pvt Ltd,1,14
city_21,0.624,,Has relevent experience,Full time course,Graduate,STEM,7,,,2,17
city_118,0.722,Male,Has relevent experience,no_enrollment,Graduate,STEM,8,,,1,324
city_89,0.925,,Has relevent experience,no_enrollment,Graduate,STEM,9,100-500,Pvt Ltd,>4,24
city_114,0.926,Male,Has relevent experience,no_enrollment,Graduate,STEM,11,10/49,Pvt Ltd,4,27
city_162,0.767,,Has relevent experience,Full time course,Graduate,STEM,13,100-500,Pvt Ltd,1,32
city_14,0.698,Male,Has relevent experience,no_enrollment,Masters,STEM,9,5000-9999,Pvt Ltd,4,31
city_103,0.92,Male,Has relevent experience,no_enrollment,Graduate,Humanities,>20,100-500,Pvt Ltd,>4,22
city_21,0.624,Male,Has relevent experience,no_enrollment,Graduate,STEM,11,10000+,Pvt Ltd,never,85
city_136,0.897,Male,Has relevent experience,no_enrollment,Masters,STEM,8,100-500,Pvt Ltd,1,143
city_16,0.91,Male,Has relevent experience,no_enrollment,Masters,STEM,>20,1000-4999,Pvt Ltd,1,82
city_21,0.624,Female,Has relevent experience,no_enrollment,Graduate,STEM,5,50-99,Pvt Ltd,3,79
city_103,0.92,Female,No relevent experience,no_enrollment,Graduate,STEM,8,10/49,,1,15
city_100,0.887,Male,Has relevent experience,no_enrollment,Graduate,STEM,14,,,1,15
city_16,0.91,Male,No relevent experience,Full time course,Graduate,STEM,1,,,1,42
city_103,0.92,,No relevent experience,no_enrollment,Graduate,STEM,2,500-999,Other,1,78
city_114,0.926,Male,Has relevent experience,no_enrollment,Masters,STEM,7,<10,Early Stage Startup,1,4
city_103,0.92,Male,Has relevent experience,Part time course,Graduate,STEM,>20,50-99,Funded Startup,2,8
city_74,0.579,Male,Has relevent experience,no_enrollment,Masters,Humanities,10,,,never,27
city_21,0.624,,Has relevent experience,no_enrollment,Masters,STEM,16,10000+,Pvt Ltd,>4,21
city_103,0.92,Male,Has relevent experience,no_enrollment,Graduate,STEM,>20,,,4,40
city_103,0.92,Male,Has relevent experience,no_enrollment,Masters,STEM,>20,,,1,28
city_103,0.92,Male,Has relevent experience,no_enrollment,Graduate,STEM,6,50-99,Pvt Ltd,1,79
city_21,0.624,Male,Has relevent experience,no_enrollment,Masters,STEM,11,10000+,Pvt Ltd,1,51
city_160,0.92,Male,Has relevent experience,no_enrollment,Graduate,STEM,>20,10000+,Pvt Ltd,never,15
city_103,0.92,Male,No relevent experience,Full time course,Graduate,STEM,10,,,never,87
city_16,0.91,Male,No relevent experience,Full time course,High School,,5,,,1,44
city_67,0.855,,Has relevent experience,no_enrollment,Masters,STEM,4,10/49,Early Stage Startup,1,39
city_16,0.91,Male,Has relevent experience,no_enrollment,Masters,STEM,>20,5000-9999,Pvt Ltd,2,36
city_23,0.899,Male,Has relevent experience,no_enrollment,Masters,STEM,>20,<10,Early Stage Startup,1,15
city_159,0.843,Male,Has relevent experience,Part time course,Graduate,STEM,11,50-99,Pvt Ltd,2,38
city_23,0.899,Male,Has relevent experience,no_enrollment,Graduate,STEM,11,<10,Funded Startup,2,10
city_116,0.743,Male,No relevent experience,Full time course,High School,,4,,,1,56
city_160,0.92,Male,Has relevent experience,no_enrollment,Graduate,STEM,16,5000-9999,Public Sector,>4,77
city_24,0.698,Male,No relevent experience,Full time course,Graduate,STEM,12,10000+,Public Sector,2,67
city_123,0.738,Male,Has relevent experience,Full time course,Graduate,STEM,12,1000-4999,Pvt Ltd,1,41
city_10,0.895,Male,Has relevent experience,Part time course,Graduate,Arts,2,10/49,Pvt Ltd,1,2
city_23,0.899,Male,Has relevent experience,no_enrollment,Graduate,STEM,16,10/49,Funded Startup,2,9
city_162,0.767,,No relevent experience,no_enrollment,Graduate,Business Degree,2,50-99,Pvt Ltd,1,26
city_103,0.92,Male,No relevent experience,Full time course,Graduate,STEM,8,,,1,11
city_21,0.624,,Has relevent experience,no_enrollment,Masters,STEM,7,10/49,Pvt Ltd,never,70
city_61,0.913,Male,No relevent experience,no_enrollment,Masters,STEM,>20,10000+,Pvt Ltd,2,90
city_36,0.893,Male,No relevent experience,Full time course,Primary School,,9,,,1,28
city_16,0.91,Female,No relevent experience,no_enrollment,Graduate,STEM,<1,50-99,NGO,3,48
city_21,0.624,,Has relevent experience,no_enrollment,Graduate,STEM,3,50-99,Funded Startup,1,9
city_21,0.624,Male,Has relevent experience,no_enrollment,Masters,STEM,8,50-99,Pvt Ltd,1,43
city_103,0.92,Male,Has relevent experience,no_enrollment,Graduate,STEM,4,1000-4999,Pvt Ltd,4,20
city_114,0.926,Male,Has relevent experience,no_enrollment,Masters,STEM,>20,50-99,Pvt Ltd,never,17
city_160,0.92,Male,No relevent experience,no_enrollment,Graduate,Business Degree,17,,,>4,61
city_26,0.698,Male,No relevent experience,,Primary School,,1,,,never,34
city_71,0.884,Male,Has relevent experience,Part time course,Graduate,STEM,>20,,,2,6
city_67,0.855,Male,Has relevent experience,no_enrollment,Masters,STEM,13,,Pvt Ltd,4,8
city_42,0.563,,No relevent experience,Full time course,,,2,10/49,,1,20
city_21,0.624,Male,Has relevent experience,no_enrollment,Masters,STEM,6,10000+,,1,10
city_28,0.939,Male,No relevent experience,no_enrollment,Graduate,Business Degree,14,1000-4999,Pvt Ltd,>4,100
city_24,0.698,Male,No relevent experience,no_enrollment,High School,,4,,,never,37
city_16,0.91,Male,Has relevent experience,no_enrollment,Graduate,STEM,14,50-99,Pvt Ltd,2,35
city_21,0.624,Male,Has relevent experience,no_enrollment,Graduate,STEM,3,50-99,Pvt Ltd,1,52
city_160,0.92,Male,Has relevent experience,no_enrollment,Graduate,STEM,19,,,>4,163
city_103,0.92,Male,No relevent experience,no_enrollment,Graduate,STEM,19,,,2,34
city_100,0.887,Male,Has relevent experience,no_enrollment,Masters,STEM,>20,,,>4,41
city_103,0.92,Male,Has relevent experience,no_enrollment,Graduate,STEM,16,100-500,Pvt Ltd,1,29
city_160,0.92,,Has relevent experience,Part time course,Graduate,STEM,>20,100-500,Pvt Ltd,1,138
city_103,0.92,Male,Has relevent experience,no_enrollment,Graduate,Business Degree,>20,,,1,77
city_65,0.802,Male,Has relevent experience,Part time course,Graduate,STEM,9,1000-4999,Pvt Ltd,1,149
city_134,0.698,Male,Has relevent experience,no_enrollment,Graduate,No Major,7,<10,Pvt Ltd,,47
city_138,0.836,Male,Has relevent experience,no_enrollment,Graduate,STEM,>20,,,>4,83
city_21,0.624,,Has relevent experience,Full time course,Graduate,STEM,1,50-99,Pvt Ltd,1,7
city_21,0.624,Male,Has relevent experience,Full time course,Graduate,STEM,6,100-500,Pvt Ltd,2,20
city_21,0.624,Male,Has relevent experience,no_enrollment,Graduate,STEM,8,10/49,Early Stage Startup,1,4
city_21,0.624,Male,No relevent experience,no_enrollment,High School,,4,,,never,70
city_103,0.92,Male,No relevent experience,no_enrollment,Graduate,Other,6,10000+,Pvt Ltd,1,12
city_45,0.89,Male,Has relevent experience,no_enrollment,Graduate,STEM,>20,100-500,Pvt Ltd,>4,22
city_103,0.92,Male,Has relevent experience,no_enrollment,Masters,STEM,13,100-500,Pvt Ltd,4,16
city_114,0.926,Male,No relevent experience,no_enrollment,Graduate,STEM,6,500-999,Pvt Ltd,>4,6
city_16,0.91,Male,Has relevent experience,,,,18,,,>4,56
city_165,0.903,,Has relevent experience,no_enrollment,Graduate,Arts,6,100-500,Pvt Ltd,never,20
city_21,0.624,Male,Has relevent experience,no_enrollment,Graduate,STEM,1,,Pvt Ltd,never,68
city_173,0.878,,No relevent experience,no_enrollment,Graduate,STEM,5,,,1,28
city_75,0.939,Male,Has relevent experience,no_enrollment,Graduate,STEM,>20,,,3,4
city_76,0.698,,Has relevent experience,no_enrollment,Masters,STEM,9,1000-4999,NGO,2,119
city_103,0.92,,Has relevent experience,Full time course,Graduate,STEM,7,,,1,17
city_103,0.92,Male,No relevent experience,no_enrollment,Graduate,STEM,14,100-500,Funded Startup,1,17
city_21,0.624,Male,No relevent experience,Full time course,Graduate,STEM,4,,,never,15
city_61,0.913,Male,Has relevent experience,no_enrollment,Graduate,STEM,13,10/49,,2,30
city_21,0.624,Male,Has relevent experience,no_enrollment,Graduate,STEM,4,50-99,Pvt Ltd,1,14
city_128,0.527,Male,Has relevent experience,Full time course,Graduate,STEM,2,10/49,Pvt Ltd,1,88
city_114,0.926,Male,No relevent experience,Full time course,High School,,14,,,never,3
city_21,0.624,,No relevent experience,no_enrollment,Graduate,STEM,2,1000-4999,Pvt Ltd,,15
city_103,0.92,Male,Has relevent experience,no_enrollment,Graduate,STEM,>20,10000+,Pvt Ltd,>4,7
city_64,0.6659999999999999,,Has relevent experience,no_enrollment,Graduate,,10,<10,Pvt Ltd,2,6
city_16,0.91,,Has relevent experience,no_enrollment,Masters,STEM,15,,,1,14
city_71,0.884,Female,Has relevent experience,no_enrollment,Graduate,STEM,3,500-999,Pvt Ltd,>4,55
city_45,0.89,,No relevent experience,Full time course,Graduate,STEM,8,,,2,28
city_103,0.92,Male,Has relevent experience,no_enrollment,Graduate,STEM,10,100-500,Pvt Ltd,1,4
city_41,0.8270000000000001,,Has relevent experience,Part time course,Masters,,18,10000+,Pvt Ltd,>4,49
city_142,0.727,Male,No relevent experience,Full time course,Masters,Humanities,18,,,2,56
city_159,0.843,Male,Has relevent experience,no_enrollment,Graduate,STEM,>20,10000+,Pvt Ltd,>4,68
city_103,0.92,Male,Has relevent experience,no_enrollment,Graduate,STEM,10,50-99,Early Stage Startup,2,67
city_114,0.926,Male,Has relevent experience,no_enrollment,Masters,STEM,14,10000+,Pvt Ltd,2,80
city_21,0.624,Male,No relevent experience,no_enrollment,Graduate,STEM,13,10000+,Pvt Ltd,>4,62
city_21,0.624,Male,Has relevent experience,no_enrollment,Graduate,STEM,1,10/49,Pvt Ltd,1,158
city_21,0.624,Male,Has relevent experience,no_enrollment,Graduate,STEM,>20,,,>4,20
city_46,0.762,,Has relevent experience,no_enrollment,Masters,STEM,3,100-500,,3,66
city_158,0.7659999999999999,Other,Has relevent experience,Full time course,Graduate,STEM,15,5000-9999,,never,30
city_21,0.624,Male,Has relevent experience,no_enrollment,Graduate,STEM,10,1000-4999,Pvt Ltd,2,18
city_103,0.92,Male,Has relevent experience,no_enrollment,,,6,,,never,25
city_103,0.92,Male,Has relevent experience,no_enrollment,Graduate,STEM,16,1000-4999,Pvt Ltd,1,54
city_16,0.91,,Has relevent experience,no_enrollment,Graduate,STEM,13,<10,Pvt Ltd,>4,24
city_103,0.92,,Has relevent experience,no_enrollment,Graduate,STEM,4,10/49,Funded Startup,2,17
city_21,0.624,Male,Has relevent experience,no_enrollment,Graduate,STEM,9,1000-4999,Pvt Ltd,1,38
city_162,0.767,Female,Has relevent experience,no_enrollment,Graduate,STEM,7,10/49,Pvt Ltd,1,17
city_160,0.92,Male,Has relevent experience,Full time course,Graduate,STEM,7,,,1,26
city_16,0.91,Male,Has relevent experience,no_enrollment,Graduate,STEM,8,,,>4,118
city_103,0.92,Male,Has relevent experience,no_enrollment,High School,,5,,,1,24
city_160,0.92,Male,Has relevent experience,no_enrollment,Graduate,Other,14,50-99,Pvt Ltd,1,46
city_21,0.624,Male,Has relevent experience,no_enrollment,Masters,STEM,7,<10,Funded Startup,1,192
city_103,0.92,Male,Has relevent experience,no_enrollment,Graduate,STEM,>20,,,1,41
city_103,0.92,,Has relevent experience,no_enrollment,Graduate,STEM,14,,,3,14
city_21,0.624,Male,Has relevent experience,Full time course,Graduate,STEM,5,50-99,Pvt Ltd,2,32
city_21,0.624,,Has relevent experience,no_enrollment,Graduate,STEM,<1,10/49,Pvt Ltd,1,26
city_75,0.939,Female,Has relevent experience,no_enrollment,Graduate,STEM,6,50-99,Early Stage Startup,1,7
city_67,0.855,,Has relevent experience,Part time course,Masters,STEM,6,,,never,12
city_16,0.91,Male,Has relevent experience,no_enrollment,Graduate,STEM,12,50-99,Pvt Ltd,1,135
city_152,0.698,,No relevent experience,Full time course,Graduate,Business Degree,<1,100-500,Early Stage Startup,1,25
city_121,0.7809999999999999,,Has relevent experience,Full time course,Masters,STEM,1,10/49,Pvt Ltd,1,109
city_103,0.92,Male,Has relevent experience,no_enrollment,Graduate,Other,16,10/49,Pvt Ltd,,64
city_114,0.926,Male,Has relevent experience,no_enrollment,Graduate,STEM,1,1000-4999,Public Sector,1,46
city_9,0.743,,No relevent experience,,Graduate,STEM,2,,,never,22
city_103,0.92,Male,Has relevent experience,no_enrollment,Graduate,STEM,14,50-99,Pvt Ltd,>4,14
city_67,0.855,Male,No relevent experience,Full time course,High School,,8,10/49,Pvt Ltd,1,18
city_103,0.92,Male,Has relevent experience,no_enrollment,Graduate,STEM,>20,100-500,Pvt Ltd,2,6
city_103,0.92,,Has relevent experience,no_enrollment,Graduate,STEM,>20,5000-9999,Pvt Ltd,4,23
city_21,0.624,Male,No relevent experience,Full time course,High School,,4,,,never,16
city_90,0.698,Male,Has relevent experience,no_enrollment,Masters,STEM,16,,,1,22
city_103,0.92,Male,No relevent experience,Full time course,Graduate,STEM,6,,,1,166
city_23,0.899,Male,Has relevent experience,no_enrollment,Graduate,STEM,>20,500-999,Pvt Ltd,>4,24
city_75,0.939,Female,Has relevent experience,Part time course,Graduate,STEM,15,500-999,Pvt Ltd,1,44
city_21,0.624,,Has relevent experience,no_enrollment,Graduate,STEM,11,10000+,Pvt Ltd,1,40
city_103,0.92,Male,Has relevent experience,no_enrollment,Masters,Humanities,2,50-99,Early Stage Startup,1,104
city_160,0.92,Male,Has relevent experience,no_enrollment,Graduate,STEM,4,500-999,Pvt Ltd,1,86
city_90,0.698,,No relevent experience,Full time course,Masters,STEM,7,,,2,158
city_145,0.555,Male,No relevent experience,Full time course,High School,,3,,,never,46
city_16,0.91,,Has relevent experience,no_enrollment,Masters,STEM,3,10000+,Pvt Ltd,2,56
city_114,0.926,,No relevent experience,no_enrollment,High School,,2,,,,64
city_103,0.92,Male,Has relevent experience,no_enrollment,Graduate,STEM,10,10000+,Pvt Ltd,1,28
city_61,0.913,,Has relevent experience,Part time course,Graduate,STEM,8,50-99,Pvt Ltd,1,28
city_114,0.926,Male,Has relevent experience,Full time course,Masters,STEM,11,50-99,Pvt Ltd,1,24
city_160,0.92,Male,Has relevent experience,no_enrollment,Graduate,STEM,7,50-99,Pvt Ltd,>4,15
city_16,0.91,Female,Has relevent experience,no_enrollment,Graduate,STEM,14,10000+,Pvt Ltd,1,246
city_103,0.92,Male,Has relevent experience,no_enrollment,Graduate,STEM,>20,100-500,Pvt Ltd,4,12
city_21,0.624,Male,Has relevent experience,no_enrollment,Graduate,STEM,17,500-999,Pvt Ltd,never,4
city_21,0.624,Male,Has relevent experience,Full time course,Graduate,STEM,2,<10,Pvt Ltd,1,102
city_114,0.926,Male,Has relevent experience,no_enrollment,Masters,STEM,>20,,,2,128
city_21,0.624,,Has relevent experience,no_enrollment,Graduate,STEM,4,10000+,Pvt Ltd,2,31
city_16,0.91,Male,Has relevent experience,no_enrollment,Graduate,STEM,>20,<10,Pvt Ltd,>4,81
city_30,0.698,Male,Has relevent experience,no_enrollment,Graduate,Arts,6,50-99,Pvt Ltd,>4,146
city_65,0.802,Female,Has relevent experience,no_enrollment,Masters,STEM,2,1000-4999,Pvt Ltd,1,108
city_21,0.624,,No relevent experience,Part time course,Masters,STEM,1,5000-9999,Pvt Ltd,1,55
city_114,0.926,Male,Has relevent experience,no_enrollment,Graduate,STEM,>20,,,>4,12
city_61,0.913,Male,Has relevent experience,no_enrollment,Graduate,STEM,19,100-500,Pvt Ltd,>4,28
city_104,0.924,Male,No relevent experience,Full time course,Graduate,STEM,10,1000-4999,Public Sector,1,11
city_165,0.903,,Has relevent experience,no_enrollment,Masters,STEM,11,,Pvt Ltd,1,49
city_21,0.624,Male,No relevent experience,no_enrollment,Graduate,STEM,6,,,1,24
city_101,0.5579999999999999,Male,Has relevent experience,no_enrollment,Graduate,STEM,12,50-99,Pvt Ltd,2,61
city_103,0.92,Male,Has relevent experience,no_enrollment,Graduate,STEM,5,10000+,Pvt Ltd,2,161
city_103,0.92,,Has relevent experience,no_enrollment,Graduate,Humanities,12,10000+,Public Sector,1,140
city_103,0.92,Female,Has relevent experience,no_enrollment,Graduate,STEM,>20,100-500,NGO,>4,17
city_114,0.926,Male,Has relevent experience,no_enrollment,Primary School,,>20,50-99,Pvt Ltd,1,18
city_67,0.855,Male,Has relevent experience,no_enrollment,Masters,STEM,16,1000-4999,Pvt Ltd,1,192
city_91,0.691,Male,Has relevent experience,Full time course,Graduate,STEM,3,<10,Pvt Ltd,1,26
city_114,0.926,Male,Has relevent experience,no_enrollment,Masters,STEM,>20,100-500,Pvt Ltd,1,22
city_71,0.884,Male,No relevent experience,Full time course,High School,,4,,,never,216
city_21,0.624,Male,Has relevent experience,no_enrollment,Graduate,STEM,7,5000-9999,Pvt Ltd,4,41
city_103,0.92,Male,No relevent experience,Full time course,Graduate,STEM,4,,,3,60
city_21,0.624,Male,Has relevent experience,Full time course,Masters,STEM,5,50-99,Pvt Ltd,2,23
city_160,0.92,Male,Has relevent experience,no_enrollment,Graduate,STEM,7,500-999,Other,1,50
city_104,0.924,Male,Has relevent experience,no_enrollment,Graduate,STEM,>20,,Pvt Ltd,1,126
city_103,0.92,Male,No relevent experience,Part time course,Graduate,STEM,12,100-500,NGO,1,70
city_71,0.884,Male,Has relevent experience,no_enrollment,Masters,STEM,9,50-99,Public Sector,3,166
city_89,0.925,Male,Has relevent experience,no_enrollment,Graduate,STEM,8,50-99,Pvt Ltd,1,34
city_114,0.926,Male,No relevent experience,no_enrollment,,,<1,,,never,76
city_21,0.624,,Has relevent experience,Full time course,Graduate,STEM,2,50-99,Early Stage Startup,1,62
city_103,0.92,Female,No relevent experience,Full time course,Graduate,STEM,6,,,1,46
city_103,0.92,,Has relevent experience,no_enrollment,Graduate,Business Degree,10,10000+,Pvt Ltd,2,15
city_83,0.923,Male,No relevent experience,Part time course,Graduate,STEM,14,50-99,Pvt Ltd,1,72
city_21,0.624,Male,Has relevent experience,no_enrollment,Graduate,STEM,6,10000+,Pvt Ltd,2,4
city_67,0.855,,Has relevent experience,no_enrollment,Masters,STEM,16,,,1,18
city_23,0.899,,Has relevent experience,,High School,,3,,,3,21
city_10,0.895,Male,No relevent experience,no_enrollment,Primary School,,7,,,never,232
city_103,0.92,Male,Has relevent experience,no_enrollment,Graduate,STEM,>20,1000-4999,Pvt Ltd,>4,16
city_100,0.887,,No relevent experience,Full time course,Masters,STEM,8,,Public Sector,3,38
city_103,0.92,Male,No relevent experience,no_enrollment,Masters,STEM,>20,,,>4,69
city_97,0.925,Male,Has relevent experience,no_enrollment,Graduate,STEM,5,10/49,Pvt Ltd,2,30
city_67,0.855,Other,No relevent experience,no_enrollment,Graduate,Business Degree,18,1000-4999,Pvt Ltd,>4,48
city_103,0.92,Male,No relevent experience,no_enrollment,Graduate,STEM,15,100-500,Pvt Ltd,>4,8
city_173,0.878,Male,Has relevent experience,Part time course,High School,,15,100-500,Pvt Ltd,3,15
city_73,0.754,Male,No relevent experience,no_enrollment,Graduate,STEM,6,,,never,134
city_23,0.899,Male,Has relevent experience,no_enrollment,Graduate,STEM,9,50-99,Pvt Ltd,>4,7
city_103,0.92,Male,Has relevent experience,no_enrollment,Graduate,STEM,>20,100-500,Pvt Ltd,>4,49
city_57,0.866,,No relevent experience,no_enrollment,Graduate,STEM,13,50-99,NGO,2,65
city_71,0.884,,Has relevent experience,no_enrollment,Masters,STEM,4,,,1,224
city_114,0.926,Male,Has relevent experience,no_enrollment,Masters,STEM,18,10/49,Early Stage Startup,>4,36
city_16,0.91,,Has relevent experience,no_enrollment,Graduate,STEM,>20,100-500,Pvt Ltd,>4,28
city_100,0.887,Male,Has relevent experience,Full time course,Graduate,STEM,5,10/49,Public Sector,1,34
city_160,0.92,Male,No relevent experience,no_enrollment,Graduate,STEM,>20,1000-4999,Pvt Ltd,1,298
city_103,0.92,Male,Has relevent experience,no_enrollment,Graduate,STEM,10,10/49,Pvt Ltd,1,8
city_21,0.624,,No relevent experience,Full time course,Graduate,STEM,<1,<10,Pvt Ltd,1,99
city_21,0.624,,Has relevent experience,no_enrollment,,,5,,,4,50
city_67,0.855,Male,Has relevent experience,no_enrollment,Graduate,STEM,12,10/49,Early Stage Startup,1,15
city_75,0.939,Other,Has relevent experience,no_enrollment,Graduate,STEM,13,<10,Early Stage Startup,1,37
city_103,0.92,Male,Has relevent experience,no_enrollment,Masters,STEM,>20,50-99,NGO,1,21
city_160,0.92,Male,Has relevent experience,no_enrollment,Graduate,Other,3,<10,Funded Startup,1,60
city_160,0.92,Male,Has relevent experience,no_enrollment,Graduate,STEM,8,100-500,Pvt Ltd,1,34
city_104,0.924,Male,Has relevent experience,no_enrollment,Primary School,,15,100-500,Pvt Ltd,2,58
city_160,0.92,Male,Has relevent experience,no_enrollment,Graduate,STEM,9,100-500,Pvt Ltd,2,66
city_103,0.92,Male,Has relevent experience,no_enrollment,Graduate,STEM,>20,50-99,Pvt Ltd,>4,56
city_89,0.925,,Has relevent experience,no_enrollment,Masters,STEM,13,50-99,Public Sector,1,151
city_21,0.624,,Has relevent experience,Full time course,Masters,STEM,3,50-99,,2,34
city_103,0.92,Other,No relevent experience,no_enrollment,Graduate,STEM,>20,50-99,Funded Startup,3,70
city_16,0.91,Male,Has relevent experience,no_enrollment,Graduate,STEM,>20,<10,Early Stage Startup,1,89
city_162,0.767,,Has relevent experience,,Graduate,STEM,9,,,1,50
city_98,0.949,Other,No relevent experience,no_enrollment,Masters,STEM,9,50-99,,1,88
city_20,0.7959999999999999,Male,No relevent experience,no_enrollment,High School,,3,,,2,22
city_99,0.915,Male,Has relevent experience,no_enrollment,Graduate,STEM,>20,,,1,75
city_75,0.939,Male,Has relevent experience,no_enrollment,Masters,Business Degree,>20,,,1,25
city_136,0.897,Male,Has relevent experience,no_enrollment,Masters,STEM,15,50-99,Early Stage Startup,2,9
city_142,0.727,,Has relevent experience,no_enrollment,Graduate,STEM,7,100-500,Pvt Ltd,2,21
city_103,0.92,Male,Has relevent experience,Full time course,Graduate,STEM,10,10000+,Pvt Ltd,>4,39
city_73,0.754,Male,Has relevent experience,Part time course,Graduate,STEM,8,<10,Funded Startup,1,27
city_40,0.7759999999999999,Male,Has relevent experience,no_enrollment,High School,,19,,,1,72
city_142,0.727,,Has relevent experience,no_enrollment,Masters,STEM,7,50-99,Pvt Ltd,3,300
city_114,0.926,Male,No relevent experience,Part time course,Masters,STEM,16,,Public Sector,never,10
city_75,0.939,Female,Has relevent experience,no_enrollment,Graduate,STEM,11,100-500,Pvt Ltd,>4,105
city_160,0.92,,No relevent experience,Full time course,Graduate,STEM,2,,,1,13
city_21,0.624,,Has relevent experience,no_enrollment,Masters,STEM,5,50-99,,1,34
city_11,0.55,Male,No relevent experience,Full time course,Graduate,STEM,5,,,1,92
city_80,0.847,Male,Has relevent experience,Full time course,Graduate,STEM,5,100-500,Pvt Ltd,4,51
city_114,0.926,Male,No relevent experience,Full time course,High School,,5,50-99,Pvt Ltd,>4,160
city_103,0.92,Male,Has relevent experience,no_enrollment,Masters,STEM,>20,10000+,Pvt Ltd,>4,42
city_143,0.74,,Has relevent experience,,Phd,Humanities,2,,,1,20
city_67,0.855,,Has relevent experience,no_enrollment,Graduate,STEM,3,,,2,36
city_103,0.92,Male,Has relevent experience,no_enrollment,Graduate,STEM,8,<10,Funded Startup,3,38
city_138,0.836,Male,Has relevent experience,no_enrollment,Graduate,Humanities,>20,,Pvt Ltd,1,130
city_149,0.6890000000000001,Male,Has relevent experience,no_enrollment,High School,,8,,,1,8
city_21,0.624,Male,No relevent experience,Full time course,Graduate,STEM,5,,Pvt Ltd,never,6
city_83,0.923,Female,Has relevent experience,no_enrollment,Graduate,STEM,>20,,,2,56
city_149,0.6890000000000001,,Has relevent experience,Full time course,Graduate,STEM,9,100-500,Pvt Ltd,4,32
city_103,0.92,Male,Has relevent experience,no_enrollment,Masters,STEM,>20,1000-4999,Pvt Ltd,2,98
city_21,0.624,Male,No relevent experience,Full time course,Graduate,STEM,1,50-99,,1,72
city_114,0.926,Male,Has relevent experience,no_enrollment,High School,,13,50-99,Pvt Ltd,>4,83
city_114,0.926,Male,Has relevent experience,no_enrollment,Graduate,STEM,>20,,,>4,25
city_103,0.92,Female,Has relevent experience,no_enrollment,Graduate,STEM,2,10/49,Funded Startup,1,204
city_104,0.924,Male,Has relevent experience,no_enrollment,Masters,STEM,10,10000+,Pvt Ltd,never,95
city_103,0.92,Male,Has relevent experience,no_enrollment,Graduate,STEM,<1,1000-4999,Pvt Ltd,1,32
city_103,0.92,Male,Has relevent experience,no_enrollment,Graduate,STEM,>20,50-99,Pvt Ltd,>4,326
city_21,0.624,Male,No relevent experience,no_enrollment,Graduate,No Major,2,50-99,Early Stage Startup,never,83
city_76,0.698,Male,Has relevent experience,no_enrollment,Graduate,STEM,14,<10,Pvt Ltd,2,298
city_41,0.8270000000000001,Male,Has relevent experience,no_enrollment,High School,,11,5000-9999,Pvt Ltd,1,26
city_21,0.624,,Has relevent experience,no_enrollment,Graduate,STEM,8,50-99,Pvt Ltd,1,6
city_21,0.624,Female,No relevent experience,Full time course,Masters,STEM,6,10/49,Pvt Ltd,1,29
city_61,0.913,Male,Has relevent experience,no_enrollment,Masters,STEM,16,100-500,Pvt Ltd,2,17
city_73,0.754,Female,Has relevent experience,Full time course,Graduate,STEM,6,,,1,25
city_173,0.878,Male,Has relevent experience,no_enrollment,Masters,STEM,5,500-999,Pvt Ltd,1,11
city_160,0.92,,No relevent experience,no_enrollment,Masters,STEM,11,1000-4999,Public Sector,1,98
city_16,0.91,Male,Has relevent experience,no_enrollment,,,>20,,,1,102
city_102,0.804,Male,No relevent experience,no_enrollment,Graduate,No Major,6,,,1,26
city_160,0.92,Male,No relevent experience,no_enrollment,Masters,STEM,<1,10000+,Pvt Ltd,2,23
city_114,0.926,Male,Has relevent experience,no_enrollment,Masters,STEM,18,100-500,Pvt Ltd,1,158
city_114,0.926,Male,Has relevent experience,no_enrollment,Masters,STEM,9,<10,Pvt Ltd,1,6
city_65,0.802,Male,Has relevent experience,no_enrollment,Graduate,STEM,16,50-99,Pvt Ltd,3,44
city_114,0.926,Male,Has relevent experience,no_enrollment,High School,,>20,<10,Pvt Ltd,never,34
city_136,0.897,Male,Has relevent experience,Part time course,Graduate,STEM,4,100-500,Pvt Ltd,3,40
city_21,0.624,Male,Has relevent experience,Full time course,Masters,STEM,7,100-500,Pvt Ltd,1,154
city_103,0.92,,Has relevent experience,no_enrollment,Graduate,STEM,15,10000+,Pvt Ltd,4,96
city_75,0.939,Male,Has relevent experience,no_enrollment,Graduate,STEM,>20,10000+,Pvt Ltd,2,68
city_138,0.836,Male,Has relevent experience,no_enrollment,Graduate,STEM,9,10000+,Pvt Ltd,1,17
city_101,0.5579999999999999,,Has relevent experience,no_enrollment,Graduate,STEM,5,10/49,Early Stage Startup,,141
city_160,0.92,Male,Has relevent experience,no_enrollment,Graduate,Other,>20,,,1,19
city_103,0.92,Male,Has relevent experience,no_enrollment,Graduate,STEM,15,5000-9999,Pvt Ltd,3,12
city_103,0.92,Male,Has relevent experience,no_enrollment,Graduate,STEM,>20,10000+,Pvt Ltd,1,166
city_83,0.923,Male,Has relevent experience,Full time course,High School,,9,,,1,56
city_160,0.92,Female,Has relevent experience,no_enrollment,Graduate,Humanities,6,50-99,,1,30
city_21,0.624,,Has relevent experience,Full time course,Graduate,STEM,7,5000-9999,Pvt Ltd,1,82
city_103,0.92,Male,No relevent experience,no_enrollment,Graduate,STEM,10,10000+,Pvt Ltd,>4,308
city_103,0.92,Male,Has relevent experience,no_enrollment,Graduate,STEM,16,10000+,Pvt Ltd,3,12
city_103,0.92,Male,Has relevent experience,no_enrollment,Graduate,Other,6,,,2,18
city_103,0.92,Male,Has relevent experience,no_enrollment,Masters,STEM,13,10000+,Pvt Ltd,4,17
city_67,0.855,Male,Has relevent experience,no_enrollment,Masters,STEM,9,,,1,113
city_103,0.92,Male,Has relevent experience,no_enrollment,Graduate,STEM,12,1000-4999,NGO,2,5
city_128,0.527,,No relevent experience,Full time course,Graduate,STEM,<1,50-99,Pvt Ltd,1,18
city_173,0.878,Male,Has relevent experience,,High School,,5,50-99,Pvt Ltd,1,36
city_75,0.939,Male,Has relevent experience,no_enrollment,Graduate,STEM,17,50-99,Pvt Ltd,3,71
city_103,0.92,,Has relevent experience,no_enrollment,Graduate,STEM,15,10000+,Pvt Ltd,>4,16
city_103,0.92,Male,No relevent experience,no_enrollment,Graduate,Humanities,15,100-500,Pvt Ltd,3,4
city_100,0.887,Male,Has relevent experience,no_enrollment,Graduate,STEM,12,,,4,96
city_24,0.698,Male,No relevent experience,Full time course,Graduate,STEM,3,,,never,11
city_21,0.624,,No relevent experience,Full time course,High School,,7,,,never,132
city_21,0.624,Male,Has relevent experience,no_enrollment,Masters,STEM,3,100-500,Pvt Ltd,1,11
city_21,0.624,Male,No relevent experience,Full time course,Graduate,STEM,4,,,never,55
city_103,0.92,Male,Has relevent experience,no_enrollment,Graduate,STEM,>20,10000+,Pvt Ltd,3,58
city_21,0.624,,Has relevent experience,no_enrollment,Masters,STEM,11,,,1,52
city_103,0.92,Male,No relevent experience,no_enrollment,High School,,4,,,2,14
city_103,0.92,Male,Has relevent experience,no_enrollment,Graduate,Other,5,10000+,Pvt Ltd,1,28
city_21,0.624,Male,Has relevent experience,Part time course,Graduate,STEM,7,50-99,Pvt Ltd,2,21
city_48,0.493,,Has relevent experience,no_enrollment,Graduate,STEM,8,<10,Pvt Ltd,1,11
city_104,0.924,Male,Has relevent experience,no_enrollment,Graduate,STEM,17,,,1,2
city_103,0.92,Male,No relevent experience,no_enrollment,Primary School,,4,,,never,200
city_21,0.624,,Has relevent experience,Full time course,High School,,6,50-99,Pvt Ltd,1,92
city_103,0.92,Female,No relevent experience,no_enrollment,Graduate,Humanities,4,,Pvt Ltd,2,166
city_21,0.624,Male,Has relevent experience,no_enrollment,Graduate,STEM,6,10000+,Pvt Ltd,1,50
city_103,0.92,Male,Has relevent experience,no_enrollment,Graduate,STEM,>20,,,1,29
city_103,0.92,Male,Has relevent experience,no_enrollment,Graduate,STEM,6,10000+,Pvt Ltd,1,176
city_160,0.92,Male,Has relevent experience,no_enrollment,Graduate,STEM,10,100-500,NGO,1,84
city_21,0.624,Male,Has relevent experience,no_enrollment,Graduate,STEM,4,,,1,76
city_16,0.91,Male,No relevent experience,no_enrollment,Masters,STEM,18,,,>4,55
city_160,0.92,,Has relevent experience,no_enrollment,Graduate,STEM,11,1000-4999,Pvt Ltd,>4,23
city_103,0.92,,No relevent experience,no_enrollment,Graduate,No Major,3,10000+,Pvt Ltd,2,28
city_21,0.624,Male,Has relevent experience,no_enrollment,Graduate,STEM,>20,<10,Pvt Ltd,>4,31
city_90,0.698,,No relevent experience,Full time course,Graduate,STEM,5,,,1,27
city_100,0.887,Male,Has relevent experience,no_enrollment,Graduate,STEM,>20,1000-4999,Pvt Ltd,>4,18
city_50,0.8959999999999999,Male,No relevent experience,Full time course,High School,,3,,,never,74
city_115,0.789,Female,No relevent experience,Full time course,Graduate,STEM,3,,,never,16
city_102,0.804,,No relevent experience,no_enrollment,Graduate,STEM,10,100-500,Public Sector,3,39
city_21,0.624,Male,Has relevent experience,no_enrollment,Graduate,STEM,10,10000+,Pvt Ltd,2,9
city_21,0.624,Female,No relevent experience,Full time course,Graduate,STEM,3,50-99,Pvt Ltd,3,86
city_103,0.92,Male,Has relevent experience,no_enrollment,Graduate,STEM,>20,50-99,Pvt Ltd,>4,96
city_70,0.698,Male,Has relevent experience,no_enrollment,Graduate,STEM,9,10000+,Pvt Ltd,1,109
city_28,0.939,Other,No relevent experience,Full time course,Graduate,No Major,2,50-99,Pvt Ltd,1,45
city_103,0.92,,Has relevent experience,no_enrollment,Graduate,Humanities,2,500-999,,1,4
city_90,0.698,,No relevent experience,no_enrollment,High School,,2,,,never,76
city_41,0.8270000000000001,Male,Has relevent experience,Full time course,High School,,4,1000-4999,Pvt Ltd,1,64
city_103,0.92,Male,No relevent experience,Full time course,High School,,4,,,1,81
city_45,0.89,Male,Has relevent experience,no_enrollment,High School,,16,<10,Pvt Ltd,>4,48
city_21,0.624,,Has relevent experience,no_enrollment,Graduate,STEM,3,,Early Stage Startup,1,10
city_21,0.624,,Has relevent experience,no_enrollment,Graduate,STEM,18,,,>4,94
city_16,0.91,Male,No relevent experience,no_enrollment,Primary School,,5,,Pvt Ltd,never,11
city_103,0.92,Male,Has relevent experience,no_enrollment,Masters,STEM,9,1000-4999,Pvt Ltd,2,56
city_103,0.92,,Has relevent experience,no_enrollment,Graduate,Arts,5,1000-4999,Public Sector,1,42
city_152,0.698,,Has relevent experience,no_enrollment,Graduate,STEM,11,10/49,Pvt Ltd,>4,89
city_102,0.804,Male,Has relevent experience,no_enrollment,Masters,STEM,>20,1000-4999,Pvt Ltd,1,43
city_21,0.624,,No relevent experience,Full time course,Graduate,STEM,5,10000+,Public Sector,1,7
city_103,0.92,Male,Has relevent experience,no_enrollment,Graduate,STEM,>20,,Public Sector,>4,62
city_21,0.624,Male,Has relevent experience,no_enrollment,Masters,STEM,19,,,>4,13
city_160,0.92,Male,No relevent experience,Full time course,Graduate,STEM,6,,,3,160
city_67,0.855,Male,No relevent experience,no_enrollment,High School,,8,,,never,31
city_114,0.926,Male,No relevent experience,Full time course,Masters,STEM,5,,,1,10
city_114,0.926,Male,Has relevent experience,no_enrollment,Graduate,STEM,15,100-500,Pvt Ltd,never,38
city_30,0.698,,Has relevent experience,no_enrollment,Graduate,STEM,8,100-500,Public Sector,3,7
city_103,0.92,Female,No relevent experience,no_enrollment,Graduate,Arts,1,1000-4999,,1,8
city_45,0.89,Female,Has relevent experience,no_enrollment,Graduate,STEM,16,10/49,Pvt Ltd,1,22
city_21,0.624,,Has relevent experience,no_enrollment,Masters,STEM,12,100-500,Pvt Ltd,2,62
city_21,0.624,Female,Has relevent experience,no_enrollment,Graduate,STEM,9,1000-4999,,1,15
city_16,0.91,Male,No relevent experience,no_enrollment,Graduate,STEM,4,10/49,,1,126
city_21,0.624,,Has relevent experience,no_enrollment,Graduate,STEM,5,<10,Pvt Ltd,>4,22
city_103,0.92,Male,Has relevent experience,no_enrollment,Graduate,STEM,>20,100-500,Pvt Ltd,1,72
city_165,0.903,,No relevent experience,,,,<1,,,never,84
city_67,0.855,Male,Has relevent experience,Part time course,Graduate,STEM,4,,,1,236
city_103,0.92,Male,No relevent experience,Full time course,High School,,6,50-99,Public Sector,2,47
city_103,0.92,Male,Has relevent experience,no_enrollment,Masters,STEM,13,,,>4,19
city_103,0.92,Male,No relevent experience,no_enrollment,High School,,3,,,never,22
city_104,0.924,Male,No relevent experience,Full time course,,,8,,,never,17
city_45,0.89,Female,Has relevent experience,no_enrollment,High School,,16,1000-4999,Pvt Ltd,3,48
city_73,0.754,Male,Has relevent experience,no_enrollment,Graduate,STEM,5,5000-9999,Pvt Ltd,1,162
city_65,0.802,Male,Has relevent experience,no_enrollment,Masters,STEM,>20,,,1,170
city_41,0.8270000000000001,,Has relevent experience,Part time course,Graduate,STEM,3,10000+,Pvt Ltd,2,8
city_103,0.92,Male,Has relevent experience,no_enrollment,Graduate,Business Degree,2,100-500,Pvt Ltd,1,76
city_21,0.624,Male,Has relevent experience,no_enrollment,Graduate,STEM,19,10000+,Pvt Ltd,2,12
city_21,0.624,,No relevent experience,no_enrollment,Graduate,STEM,5,50-99,Pvt Ltd,>4,43
city_103,0.92,,Has relevent experience,no_enrollment,Graduate,STEM,14,50-99,Pvt Ltd,>4,45
city_40,0.7759999999999999,Male,No relevent experience,Full time course,Graduate,STEM,5,,,1,330
city_21,0.624,Male,Has relevent experience,no_enrollment,Graduate,STEM,>20,,,>4,98
city_103,0.92,Male,Has relevent experience,no_enrollment,Graduate,STEM,>20,10000+,Pvt Ltd,>4,36
city_30,0.698,Male,Has relevent experience,Part time course,Graduate,STEM,9,10/49,Funded Startup,1,44
city_103,0.92,Male,No relevent experience,no_enrollment,Graduate,STEM,<1,,,never,23
city_103,0.92,Male,Has relevent experience,no_enrollment,Masters,STEM,9,1000-4999,Pvt Ltd,4,24
city_160,0.92,Female,Has relevent experience,no_enrollment,Graduate,STEM,5,10000+,Pvt Ltd,1,102
city_75,0.939,Male,Has relevent experience,no_enrollment,Masters,STEM,20,,,1,84
city_103,0.92,Male,Has relevent experience,no_enrollment,Graduate,STEM,>20,1000-4999,Pvt Ltd,1,28
city_65,0.802,Male,Has relevent experience,no_enrollment,,,15,<10,,1,78
city_103,0.92,Male,Has relevent experience,no_enrollment,Graduate,STEM,11,50-99,Pvt Ltd,1,47
city_114,0.926,Male,Has relevent experience,no_enrollment,Graduate,STEM,19,50-99,Pvt Ltd,1,168
city_103,0.92,Male,No relevent experience,Full time course,Graduate,STEM,4,,,never,108
city_114,0.926,,No relevent experience,Full time course,Graduate,STEM,9,1000-4999,NGO,2,101
city_21,0.624,,No relevent experience,,High School,,2,,,never,43
city_98,0.949,Male,Has relevent experience,no_enrollment,Graduate,STEM,12,5000-9999,Pvt Ltd,2,158
city_103,0.92,Male,Has relevent experience,no_enrollment,Graduate,STEM,>20,100-500,Pvt Ltd,1,47
city_103,0.92,Male,Has relevent experience,no_enrollment,Graduate,STEM,9,100-500,Pvt Ltd,2,31
city_21,0.624,Male,Has relevent experience,no_enrollment,Masters,STEM,7,5000-9999,Pvt Ltd,1,92
city_103,0.92,,Has relevent experience,Full time course,High School,,6,<10,Pvt Ltd,,81
city_136,0.897,Male,Has relevent experience,no_enrollment,Masters,STEM,7,,,never,20
city_11,0.55,Male,No relevent experience,no_enrollment,High School,,7,,,never,86
city_75,0.939,Male,Has relevent experience,no_enrollment,Graduate,STEM,>20,,,2,53
city_21,0.624,Male,Has relevent experience,no_enrollment,Graduate,STEM,14,10000+,Pvt Ltd,1,109
city_73,0.754,Male,Has relevent experience,Full time course,High School,,7,,,1,76
city_103,0.92,Male,Has relevent experience,no_enrollment,Graduate,STEM,10,5000-9999,NGO,4,12
city_90,0.698,,No relevent experience,no_enrollment,Primary School,,<1,,,1,198
city_103,0.92,Male,No relevent experience,no_enrollment,Graduate,STEM,2,500-999,Public Sector,1,7
city_103,0.92,Male,No relevent experience,no_enrollment,Graduate,STEM,>20,5000-9999,Public Sector,>4,6
city_69,0.856,Male,Has relevent experience,no_enrollment,Graduate,STEM,14,50-99,Pvt Ltd,1,124
city_21,0.624,,No relevent experience,Full time course,Graduate,STEM,3,,,never,18
city_103,0.92,Male,Has relevent experience,no_enrollment,Graduate,STEM,3,100-500,Pvt Ltd,1,97
city_20,0.7959999999999999,Male,Has relevent experience,Part time course,Graduate,STEM,8,50-99,Pvt Ltd,1,234
city_36,0.893,Female,No relevent experience,Full time course,High School,,3,50-99,Public Sector,1,146
city_41,0.8270000000000001,Male,No relevent experience,Full time course,High School,,6,,,1,37
city_46,0.762,Male,Has relevent experience,no_enrollment,Graduate,STEM,>20,50-99,Public Sector,3,24
city_21,0.624,,Has relevent experience,no_enrollment,Masters,STEM,6,50-99,Early Stage Startup,1,112
city_16,0.91,,Has relevent experience,Full time course,Graduate,STEM,3,10000+,Pvt Ltd,1,55
city_21,0.624,,Has relevent experience,Full time course,Graduate,Other,>20,50-99,Pvt Ltd,>4,47
city_134,0.698,Female,No relevent experience,,High School,,3,,,never,35
city_100,0.887,Male,Has relevent experience,,Graduate,STEM,>20,500-999,Pvt Ltd,>4,4
city_103,0.92,Female,Has relevent experience,no_enrollment,Graduate,Business Degree,2,100-500,NGO,1,7
city_67,0.855,Male,Has relevent experience,no_enrollment,Graduate,STEM,>20,10/49,Pvt Ltd,1,322
city_24,0.698,Male,Has relevent experience,Full time course,Graduate,STEM,7,50-99,Funded Startup,3,51
city_67,0.855,Female,Has relevent experience,no_enrollment,Masters,STEM,12,,,never,50
city_103,0.92,Male,Has relevent experience,no_enrollment,Graduate,Other,18,50-99,Pvt Ltd,4,45
city_158,0.7659999999999999,Male,Has relevent experience,no_enrollment,Graduate,STEM,2,100-500,Pvt Ltd,1,46
city_103,0.92,Male,Has relevent experience,no_enrollment,Graduate,STEM,16,10/49,Funded Startup,1,65
city_24,0.698,,No relevent experience,no_enrollment,High School,,<1,,,1,42
city_136,0.897,Male,Has relevent experience,no_enrollment,Phd,STEM,14,50-99,Pvt Ltd,3,8
city_61,0.913,Male,Has relevent experience,no_enrollment,Masters,STEM,>20,100-500,Pvt Ltd,2,74
city_27,0.848,,No relevent experience,no_enrollment,Masters,STEM,19,50-99,Pvt Ltd,1,105
city_145,0.555,Male,Has relevent experience,Full time course,Graduate,STEM,4,,,1,43
city_57,0.866,Male,Has relevent experience,no_enrollment,Graduate,STEM,7,50-99,Pvt Ltd,1,47
city_21,0.624,Male,Has relevent experience,no_enrollment,Graduate,STEM,4,10/49,Pvt Ltd,1,105
city_100,0.887,Male,No relevent experience,no_enrollment,Phd,STEM,>20,100-500,Public Sector,>4,70
city_16,0.91,,Has relevent experience,no_enrollment,High School,,6,100-500,Pvt Ltd,1,74
city_102,0.804,,Has relevent experience,no_enrollment,Graduate,STEM,10,50-99,Pvt Ltd,4,83
city_21,0.624,Male,Has relevent experience,no_enrollment,Masters,STEM,9,100-500,Pvt Ltd,1,24
city_150,0.698,Male,Has relevent experience,Part time course,Graduate,STEM,2,10/49,Pvt Ltd,1,85
city_10,0.895,Male,No relevent experience,Full time course,Masters,STEM,10,100-500,Public Sector,2,94
city_74,0.579,Male,Has relevent experience,,Graduate,STEM,2,,Pvt Ltd,1,8
city_67,0.855,Male,Has relevent experience,no_enrollment,Masters,STEM,16,50-99,Pvt Ltd,2,70
city_160,0.92,Male,Has relevent experience,Full time course,Graduate,STEM,3,10000+,Pvt Ltd,1,26
city_89,0.925,Male,No relevent experience,no_enrollment,Graduate,STEM,>20,<10,Early Stage Startup,>4,46
city_75,0.939,Male,No relevent experience,Part time course,Graduate,STEM,14,,,>4,334
city_98,0.949,Male,No relevent experience,no_enrollment,High School,,2,,Pvt Ltd,never,12
city_90,0.698,Male,No relevent experience,Full time course,Graduate,STEM,<1,,,1,74
city_93,0.865,Male,Has relevent experience,no_enrollment,High School,,15,50-99,Pvt Ltd,4,63
city_103,0.92,Male,Has relevent experience,no_enrollment,Phd,STEM,>20,100-500,Pvt Ltd,2,33
city_103,0.92,Other,Has relevent experience,no_enrollment,Graduate,STEM,5,,,2,121
city_103,0.92,Male,Has relevent experience,no_enrollment,Graduate,No Major,>20,1000-4999,NGO,>4,11
city_16,0.91,Male,No relevent experience,Full time course,High School,,3,,,never,51
city_21,0.624,Male,Has relevent experience,,Masters,STEM,15,50-99,Pvt Ltd,>4,204
city_16,0.91,,Has relevent experience,Full time course,Graduate,STEM,6,10000+,Pvt Ltd,1,194
city_75,0.939,Male,Has relevent experience,no_enrollment,Graduate,STEM,11,50-99,Funded Startup,2,17
city_16,0.91,Female,Has relevent experience,no_enrollment,Graduate,Other,4,,,1,146
city_136,0.897,Male,Has relevent experience,no_enrollment,Masters,STEM,>20,500-999,Pvt Ltd,1,32
city_67,0.855,Male,Has relevent experience,no_enrollment,Graduate,Humanities,<1,100-500,Pvt Ltd,1,78
city_114,0.926,Male,Has relevent experience,no_enrollment,Graduate,STEM,15,50-99,Pvt Ltd,>4,68
city_138,0.836,Male,Has relevent experience,Full time course,Graduate,STEM,2,100-500,Pvt Ltd,1,104
city_100,0.887,Male,Has relevent experience,no_enrollment,Masters,STEM,11,,,2,178
city_16,0.91,,No relevent experience,no_enrollment,High School,,<1,10000+,Pvt Ltd,3,39
city_11,0.55,,Has relevent experience,no_enrollment,Graduate,STEM,5,,,1,138
city_142,0.727,Male,Has relevent experience,no_enrollment,Graduate,STEM,7,<10,Funded Startup,2,56
city_103,0.92,Male,No relevent experience,no_enrollment,Graduate,STEM,3,100-500,Public Sector,2,8
city_73,0.754,Male,Has relevent experience,no_enrollment,Graduate,STEM,>20,10000+,Pvt Ltd,2,74
city_103,0.92,Female,No relevent experience,no_enrollment,Graduate,STEM,19,10000+,Pvt Ltd,>4,86
city_90,0.698,Male,Has relevent experience,no_enrollment,Graduate,STEM,17,50-99,Public Sector,>4,20
city_21,0.624,Male,Has relevent experience,Part time course,Graduate,STEM,11,<10,Early Stage Startup,2,22
city_16,0.91,Male,Has relevent experience,no_enrollment,Graduate,STEM,6,50-99,Pvt Ltd,3,36
city_103,0.92,,No relevent experience,no_enrollment,Graduate,STEM,8,10000+,Pvt Ltd,,104
city_64,0.6659999999999999,Male,No relevent experience,no_enrollment,Graduate,STEM,3,,,2,44
city_114,0.926,Male,Has relevent experience,no_enrollment,Phd,STEM,>20,10000+,Pvt Ltd,2,16
city_65,0.802,Female,Has relevent experience,no_enrollment,Masters,STEM,15,10000+,Pvt Ltd,3,25
city_116,0.743,Male,Has relevent experience,no_enrollment,Graduate,STEM,6,100-500,Pvt Ltd,4,166
city_114,0.926,Female,Has relevent experience,no_enrollment,Masters,STEM,>20,10000+,Pvt Ltd,>4,27
city_61,0.913,,Has relevent experience,no_enrollment,Phd,STEM,>20,<10,Early Stage Startup,>4,17
city_173,0.878,Male,No relevent experience,no_enrollment,Primary School,,3,10/49,Pvt Ltd,3,88
city_50,0.8959999999999999,Male,Has relevent experience,no_enrollment,Masters,STEM,>20,10/49,Pvt Ltd,>4,53
city_103,0.92,Female,No relevent experience,Full time course,Masters,STEM,12,10000+,Public Sector,2,155
city_103,0.92,Male,No relevent experience,no_enrollment,Graduate,Business Degree,5,10000+,Pvt Ltd,>4,12
city_103,0.92,,Has relevent experience,,Masters,No Major,>20,100-500,Pvt Ltd,never,29
city_21,0.624,,No relevent experience,Full time course,Graduate,STEM,3,,Public Sector,1,14
city_142,0.727,,Has relevent experience,no_enrollment,Graduate,STEM,8,,,3,168
city_103,0.92,Male,Has relevent experience,no_enrollment,Graduate,Humanities,13,50-99,Pvt Ltd,1,326
city_103,0.92,Male,No relevent experience,no_enrollment,Graduate,Other,>20,,Public Sector,>4,96
city_9,0.743,Male,Has relevent experience,no_enrollment,Graduate,STEM,4,50-99,Pvt Ltd,2,17
city_136,0.897,Female,Has relevent experience,no_enrollment,Graduate,Arts,4,100-500,Pvt Ltd,1,132
city_61,0.913,Male,No relevent experience,Full time course,High School,,3,,,never,97
city_162,0.767,,No relevent experience,Full time course,High School,,4,<10,Early Stage Startup,1,43
city_21,0.624,Male,Has relevent experience,no_enrollment,Graduate,STEM,3,500-999,Pvt Ltd,1,80
city_21,0.624,Male,Has relevent experience,no_enrollment,Masters,STEM,16,10000+,Pvt Ltd,>4,143
city_103,0.92,Male,Has relevent experience,no_enrollment,Graduate,STEM,8,10/49,Funded Startup,1,57
city_160,0.92,Male,Has relevent experience,no_enrollment,Graduate,STEM,>20,50-99,Pvt Ltd,1,44
city_103,0.92,Male,Has relevent experience,no_enrollment,Graduate,Humanities,11,10/49,Funded Startup,1,75
city_67,0.855,Male,Has relevent experience,no_enrollment,Masters,STEM,13,<10,Pvt Ltd,2,28
city_160,0.92,Male,Has relevent experience,no_enrollment,Graduate,STEM,3,<10,Pvt Ltd,3,55
city_16,0.91,Male,Has relevent experience,no_enrollment,Graduate,STEM,14,100-500,Pvt Ltd,1,156
city_21,0.624,Male,No relevent experience,Full time course,Graduate,STEM,3,100-500,Pvt Ltd,3,19
city_103,0.92,Male,No relevent experience,no_enrollment,Phd,STEM,15,10000+,NGO,3,128
city_103,0.92,,Has relevent experience,no_enrollment,Masters,STEM,7,50-99,Pvt Ltd,2,168
city_160,0.92,,Has relevent experience,no_enrollment,Masters,STEM,16,,,,91
city_173,0.878,Other,Has relevent experience,no_enrollment,Masters,STEM,>20,1000-4999,Pvt Ltd,2,9
city_102,0.804,Male,No relevent experience,Full time course,Graduate,STEM,6,,,never,42
city_21,0.624,Male,Has relevent experience,Part time course,Masters,STEM,9,10000+,Pvt Ltd,4,36
city_103,0.92,Male,Has relevent experience,no_enrollment,Graduate,STEM,6,1000-4999,Pvt Ltd,3,148
city_16,0.91,Male,Has relevent experience,no_enrollment,Graduate,STEM,11,500-999,Pvt Ltd,4,46
city_103,0.92,,No relevent experience,no_enrollment,Graduate,Business Degree,2,100-500,Pvt Ltd,2,33
city_50,0.8959999999999999,Male,Has relevent experience,no_enrollment,Masters,STEM,>20,,,2,276
city_16,0.91,Male,Has relevent experience,no_enrollment,Graduate,STEM,6,50-99,Pvt Ltd,1,102
city_99,0.915,,Has relevent experience,Full time course,Graduate,STEM,5,10000+,Public Sector,1,26
city_159,0.843,Male,Has relevent experience,no_enrollment,Masters,STEM,17,100-500,Pvt Ltd,>4,134
city_100,0.887,Male,Has relevent experience,Part time course,Graduate,STEM,10,<10,,1,3
city_103,0.92,,Has relevent experience,no_enrollment,Graduate,STEM,<1,,,1,109
city_99,0.915,Female,Has relevent experience,no_enrollment,Phd,STEM,>20,5000-9999,Public Sector,>4,4
city_126,0.479,Male,No relevent experience,Full time course,Masters,Other,1,10/49,Other,,23
city_16,0.91,Female,Has relevent experience,no_enrollment,Masters,STEM,9,50-99,Pvt Ltd,1,4
city_61,0.913,,Has relevent experience,Part time course,Masters,STEM,7,10/49,Pvt Ltd,1,190
city_103,0.92,Male,Has relevent experience,no_enrollment,Graduate,STEM,11,1000-4999,Pvt Ltd,1,26
city_11,0.55,Male,No relevent experience,Full time course,Graduate,STEM,2,,,never,10
city_21,0.624,Male,No relevent experience,no_enrollment,High School,,2,,,never,100
city_21,0.624,Male,Has relevent experience,Full time course,Graduate,STEM,7,,,1,32
city_21,0.624,,No relevent experience,no_enrollment,High School,,1,,,never,52
city_114,0.926,Male,Has relevent experience,Full time course,Masters,STEM,19,50-99,Pvt Ltd,4,27
city_114,0.926,Male,Has relevent experience,no_enrollment,Graduate,STEM,2,1000-4999,Pvt Ltd,1,53
city_57,0.866,,No relevent experience,Full time course,High School,,<1,,,never,64
city_103,0.92,Male,Has relevent experience,no_enrollment,Masters,STEM,>20,1000-4999,Public Sector,>4,92
city_21,0.624,Male,Has relevent experience,no_enrollment,Graduate,STEM,15,10000+,Pvt Ltd,>4,5
city_103,0.92,Female,Has relevent experience,Full time course,Masters,STEM,10,1000-4999,Public Sector,1,20
city_160,0.92,Male,Has relevent experience,Full time course,High School,,3,10000+,Pvt Ltd,1,23
city_61,0.913,Male,Has relevent experience,no_enrollment,High School,,>20,1000-4999,Pvt Ltd,2,216
city_103,0.92,,Has relevent experience,no_enrollment,Graduate,STEM,6,10000+,Public Sector,1,10
city_160,0.92,Male,Has relevent experience,no_enrollment,Graduate,STEM,3,10000+,Pvt Ltd,1,17
city_103,0.92,Male,Has relevent experience,no_enrollment,Graduate,STEM,11,500-999,Pvt Ltd,1,32
city_160,0.92,Male,Has relevent experience,no_enrollment,Masters,STEM,>20,100-500,Pvt Ltd,1,216
city_103,0.92,Male,Has relevent experience,no_enrollment,Graduate,STEM,>20,5000-9999,Pvt Ltd,>4,78
city_16,0.91,Male,Has relevent experience,Full time course,Graduate,STEM,16,500-999,Pvt Ltd,1,53
city_128,0.527,,Has relevent experience,Full time course,Graduate,STEM,3,,,2,108
city_103,0.92,,Has relevent experience,no_enrollment,Graduate,Arts,12,50-99,Pvt Ltd,3,28
city_33,0.4479999999999999,Male,Has relevent experience,no_enrollment,Graduate,STEM,8,,,>4,74
city_67,0.855,Male,Has relevent experience,no_enrollment,Graduate,STEM,7,,,3,52
city_103,0.92,Other,Has relevent experience,,Graduate,STEM,6,50-99,Pvt Ltd,never,48
city_136,0.897,Male,No relevent experience,Full time course,Graduate,STEM,6,,,2,30
city_16,0.91,Male,Has relevent experience,no_enrollment,Graduate,STEM,9,100-500,Pvt Ltd,>4,21
city_104,0.924,Male,Has relevent experience,no_enrollment,Graduate,STEM,5,500-999,Pvt Ltd,1,18
city_104,0.924,,No relevent experience,no_enrollment,High School,,5,,,never,24
city_16,0.91,,No relevent experience,Full time course,Graduate,STEM,2,10000+,Pvt Ltd,never,58
city_89,0.925,,Has relevent experience,no_enrollment,Graduate,STEM,10,100-500,Funded Startup,4,21
city_103,0.92,Male,Has relevent experience,no_enrollment,Graduate,No Major,19,50-99,Funded Startup,1,130
city_24,0.698,Male,Has relevent experience,no_enrollment,Graduate,STEM,>20,<10,Pvt Ltd,>4,11
city_114,0.926,Male,Has relevent experience,no_enrollment,Graduate,STEM,11,50-99,Pvt Ltd,>4,50
city_157,0.769,Male,Has relevent experience,no_enrollment,Graduate,STEM,14,,,2,160
city_21,0.624,,Has relevent experience,no_enrollment,Masters,STEM,7,1000-4999,Pvt Ltd,>4,17
city_103,0.92,Female,Has relevent experience,no_enrollment,Masters,Humanities,6,10000+,Public Sector,1,9
city_103,0.92,Male,Has relevent experience,no_enrollment,Masters,STEM,8,,,3,90
city_103,0.92,Male,No relevent experience,Full time course,Graduate,STEM,2,,,1,50
city_103,0.92,,Has relevent experience,no_enrollment,Graduate,STEM,19,100-500,Pvt Ltd,3,52
city_133,0.742,,Has relevent experience,Part time course,Graduate,STEM,10,100-500,Pvt Ltd,1,7
city_21,0.624,,No relevent experience,Full time course,High School,,1,,,,45
city_143,0.74,Female,No relevent experience,no_enrollment,Graduate,STEM,6,10000+,Pvt Ltd,1,40
city_21,0.624,Male,No relevent experience,Full time course,High School,,4,,,1,105
city_21,0.624,Male,Has relevent experience,no_enrollment,Masters,STEM,5,10/49,Pvt Ltd,2,52
city_100,0.887,Male,No relevent experience,no_enrollment,Masters,STEM,4,10/49,Pvt Ltd,1,77
city_136,0.897,Female,No relevent experience,Full time course,Graduate,STEM,4,,,never,146
city_136,0.897,Male,Has relevent experience,no_enrollment,Masters,STEM,>20,1000-4999,Pvt Ltd,>4,17
city_21,0.624,Male,No relevent experience,no_enrollment,High School,,1,,,never,91
city_16,0.91,Male,No relevent experience,Full time course,Graduate,STEM,4,50-99,Pvt Ltd,1,9
city_16,0.91,Male,Has relevent experience,no_enrollment,Graduate,STEM,>20,100-500,Pvt Ltd,>4,162
city_144,0.84,Male,Has relevent experience,,Graduate,STEM,10,50-99,Pvt Ltd,>4,2
city_61,0.913,Male,Has relevent experience,no_enrollment,Masters,STEM,>20,,,1,75
city_40,0.7759999999999999,,Has relevent experience,no_enrollment,Graduate,Humanities,9,<10,Pvt Ltd,1,155
city_103,0.92,Male,No relevent experience,Full time course,Graduate,STEM,3,50-99,Funded Startup,1,9
city_160,0.92,Male,No relevent experience,Full time course,Graduate,STEM,8,,,1,64
city_70,0.698,Male,No relevent experience,Full time course,High School,,10,10/49,Early Stage Startup,1,102
city_114,0.926,Male,No relevent experience,no_enrollment,High School,,5,10000+,,>4,46
city_102,0.804,Male,Has relevent experience,no_enrollment,Masters,No Major,16,,,3,58
city_71,0.884,Male,Has relevent experience,no_enrollment,Graduate,STEM,15,10/49,Early Stage Startup,1,86
city_16,0.91,Male,No relevent experience,Full time course,High School,,4,,Pvt Ltd,never,108
city_61,0.913,Male,Has relevent experience,no_enrollment,Masters,STEM,>20,,,1,77
city_16,0.91,Male,No relevent experience,Full time course,Graduate,STEM,2,,,never,78
city_67,0.855,Male,No relevent experience,Full time course,High School,,<1,,,1,110
city_103,0.92,Female,No relevent experience,no_enrollment,Graduate,STEM,<1,,,2,8
city_16,0.91,Male,No relevent experience,Full time course,Primary School,,1,,,never,7
city_21,0.624,Male,Has relevent experience,no_enrollment,Graduate,STEM,2,100-500,Other,1,51
city_21,0.624,Female,Has relevent experience,no_enrollment,Masters,STEM,3,<10,Funded Startup,2,34
city_71,0.884,Male,No relevent experience,no_enrollment,Masters,STEM,1,,,1,206
city_103,0.92,Male,Has relevent experience,no_enrollment,Phd,STEM,>20,,,>4,25
city_11,0.55,,Has relevent experience,Full time course,Graduate,STEM,5,10000+,Pvt Ltd,1,196
city_65,0.802,Male,Has relevent experience,Part time course,Graduate,STEM,10,10000+,Pvt Ltd,1,22
city_103,0.92,Male,Has relevent experience,no_enrollment,Masters,STEM,10,10/49,Funded Startup,1,20
city_103,0.92,Male,Has relevent experience,no_enrollment,Graduate,STEM,18,100-500,Pvt Ltd,1,6
city_21,0.624,Male,Has relevent experience,no_enrollment,Masters,STEM,6,100-500,Pvt Ltd,1,92
city_160,0.92,Male,Has relevent experience,no_enrollment,Graduate,No Major,19,10/49,Pvt Ltd,>4,42
city_103,0.92,Female,Has relevent experience,no_enrollment,Graduate,Arts,4,1000-4999,Pvt Ltd,1,52
city_103,0.92,Male,Has relevent experience,no_enrollment,Graduate,STEM,>20,100-500,Pvt Ltd,1,92
city_93,0.865,Male,Has relevent experience,no_enrollment,High School,,>20,50-99,Pvt Ltd,never,156
city_103,0.92,Male,Has relevent experience,no_enrollment,Graduate,Humanities,4,10/49,Pvt Ltd,3,75
city_103,0.92,,No relevent experience,no_enrollment,Graduate,,5,1000-4999,Pvt Ltd,>4,43
city_103,0.92,Male,Has relevent experience,no_enrollment,Graduate,Business Degree,17,<10,Pvt Ltd,>4,81
city_71,0.884,Male,Has relevent experience,no_enrollment,Phd,STEM,>20,,,>4,98
city_71,0.884,Male,No relevent experience,no_enrollment,Graduate,STEM,>20,,,>4,31
city_103,0.92,Male,Has relevent experience,no_enrollment,Graduate,STEM,8,100-500,Pvt Ltd,4,65
city_136,0.897,Female,Has relevent experience,no_enrollment,Masters,Arts,9,<10,Public Sector,3,28
city_90,0.698,Male,No relevent experience,no_enrollment,Graduate,STEM,4,,,4,15
city_103,0.92,Male,No relevent experience,no_enrollment,High School,,3,,,never,96
city_160,0.92,Male,Has relevent experience,no_enrollment,Graduate,STEM,6,50-99,Pvt Ltd,>4,168
city_116,0.743,,Has relevent experience,Full time course,Masters,STEM,<1,50-99,,1,19
city_21,0.624,,Has relevent experience,,Graduate,STEM,7,50-99,Pvt Ltd,1,18
city_104,0.924,Female,Has relevent experience,no_enrollment,Masters,Humanities,2,50-99,Funded Startup,1,28
city_71,0.884,Male,Has relevent experience,no_enrollment,Masters,STEM,>20,10/49,Public Sector,>4,18
city_21,0.624,Male,Has relevent experience,no_enrollment,Graduate,STEM,5,50-99,Pvt Ltd,2,72
city_16,0.91,Male,No relevent experience,Part time course,Graduate,STEM,7,50-99,Pvt Ltd,1,50
city_116,0.743,,No relevent experience,no_enrollment,Masters,Humanities,18,,,,17
city_152,0.698,Female,No relevent experience,Full time course,Graduate,STEM,8,1000-4999,Public Sector,1,94
city_100,0.887,Male,No relevent experience,no_enrollment,Graduate,STEM,19,50-99,Pvt Ltd,>4,26
city_21,0.624,Male,Has relevent experience,no_enrollment,Masters,STEM,9,500-999,Funded Startup,2,80
city_16,0.91,Male,Has relevent experience,no_enrollment,Graduate,STEM,19,5000-9999,Pvt Ltd,2,20
city_21,0.624,,No relevent experience,no_enrollment,Graduate,STEM,2,,,1,94
city_21,0.624,Male,Has relevent experience,no_enrollment,Graduate,STEM,3,500-999,Pvt Ltd,1,100
city_103,0.92,Male,No relevent experience,no_enrollment,Graduate,STEM,9,10000+,Pvt Ltd,>4,68
city_103,0.92,Male,No relevent experience,no_enrollment,Graduate,STEM,<1,,,2,23
city_103,0.92,Male,Has relevent experience,Part time course,Graduate,STEM,14,50-99,Pvt Ltd,>4,22
city_114,0.926,Male,No relevent experience,Part time course,Graduate,STEM,5,100-500,Public Sector,2,28
city_100,0.887,Male,Has relevent experience,Part time course,Graduate,STEM,7,10000+,Pvt Ltd,never,39
city_103,0.92,Male,Has relevent experience,no_enrollment,Graduate,STEM,>20,500-999,Pvt Ltd,>4,40
city_103,0.92,Male,Has relevent experience,no_enrollment,Masters,STEM,>20,100-500,Pvt Ltd,>4,128
city_104,0.924,,Has relevent experience,Full time course,High School,,5,<10,Early Stage Startup,1,62
city_103,0.92,Male,No relevent experience,Full time course,High School,,6,50-99,Public Sector,2,111
city_103,0.92,Male,Has relevent experience,no_enrollment,Graduate,STEM,2,50-99,Funded Startup,2,29
city_103,0.92,Female,Has relevent experience,no_enrollment,Graduate,Arts,4,10/49,Pvt Ltd,3,87
city_102,0.804,,No relevent experience,Full time course,Graduate,STEM,7,,,never,11
city_103,0.92,Male,No relevent experience,no_enrollment,Masters,STEM,>20,,,>4,56
city_90,0.698,,Has relevent experience,Full time course,Graduate,STEM,3,10/49,Pvt Ltd,1,14
city_71,0.884,Male,No relevent experience,Full time course,Graduate,Other,2,,,1,43
city_21,0.624,,Has relevent experience,no_enrollment,Graduate,STEM,2,50-99,Pvt Ltd,2,10
city_114,0.926,,Has relevent experience,no_enrollment,Masters,STEM,>20,500-999,Pvt Ltd,3,78
city_103,0.92,Male,Has relevent experience,no_enrollment,Masters,STEM,>20,1000-4999,Pvt Ltd,3,134
city_114,0.926,Male,Has relevent experience,no_enrollment,Masters,STEM,>20,,,>4,131
city_103,0.92,,No relevent experience,Full time course,Graduate,STEM,7,,,never,109
city_16,0.91,,Has relevent experience,Full time course,Graduate,STEM,10,10000+,Pvt Ltd,2,17
city_103,0.92,Male,Has relevent experience,no_enrollment,Graduate,STEM,11,,,2,78
city_16,0.91,Male,Has relevent experience,no_enrollment,Graduate,STEM,>20,,Pvt Ltd,3,28
city_103,0.92,Male,Has relevent experience,no_enrollment,Graduate,STEM,14,,,1,122
city_103,0.92,,No relevent experience,no_enrollment,Primary School,,2,,,never,69
city_103,0.92,Male,Has relevent experience,no_enrollment,Graduate,STEM,>20,100-500,Funded Startup,3,180
city_103,0.92,Male,Has relevent experience,no_enrollment,Graduate,STEM,9,1000-4999,Pvt Ltd,never,28
city_50,0.8959999999999999,Male,Has relevent experience,no_enrollment,Masters,Humanities,10,50-99,Pvt Ltd,1,31
city_103,0.92,Male,Has relevent experience,no_enrollment,Masters,STEM,16,10000+,Pvt Ltd,>4,36
city_158,0.7659999999999999,,No relevent experience,Full time course,Graduate,STEM,3,,,never,182
city_103,0.92,,Has relevent experience,no_enrollment,Phd,STEM,20,10000+,Pvt Ltd,1,22
city_41,0.8270000000000001,Male,No relevent experience,Full time course,Graduate,STEM,2,50-99,Pvt Ltd,1,20
city_114,0.926,Male,Has relevent experience,no_enrollment,Masters,STEM,11,10000+,Pvt Ltd,>4,78
city_21,0.624,Male,No relevent experience,Full time course,Graduate,STEM,4,,,1,132
city_103,0.92,Male,No relevent experience,Full time course,Graduate,STEM,5,1000-4999,Pvt Ltd,>4,39
city_21,0.624,Male,No relevent experience,Full time course,Graduate,STEM,4,,,1,6
city_21,0.624,Male,Has relevent experience,Full time course,Masters,STEM,9,100-500,Pvt Ltd,4,98
city_103,0.92,,No relevent experience,Full time course,Graduate,STEM,6,10000+,Public Sector,1,42
city_103,0.92,,No relevent experience,no_enrollment,High School,,,,,,4
city_89,0.925,Female,Has relevent experience,no_enrollment,Masters,STEM,19,10000+,Pvt Ltd,never,24
city_41,0.8270000000000001,Male,Has relevent experience,Part time course,High School,,16,50-99,,1,35
city_57,0.866,Male,Has relevent experience,no_enrollment,Graduate,STEM,20,100-500,Pvt Ltd,>4,109
city_75,0.939,Male,Has relevent experience,no_enrollment,Graduate,STEM,5,1000-4999,Pvt Ltd,1,18
city_103,0.92,Male,Has relevent experience,no_enrollment,Graduate,STEM,>20,50-99,Pvt Ltd,2,8
city_114,0.926,Male,Has relevent experience,no_enrollment,Graduate,STEM,5,50-99,Pvt Ltd,1,8
city_103,0.92,Male,Has relevent experience,no_enrollment,Graduate,Other,>20,,,1,232
city_28,0.939,,No relevent experience,,Graduate,STEM,1,10000+,,never,11
city_136,0.897,Male,Has relevent experience,Part time course,Masters,STEM,6,50-99,Pvt Ltd,4,16
city_173,0.878,Male,No relevent experience,no_enrollment,Masters,Humanities,>20,1000-4999,Public Sector,3,51
city_114,0.926,,No relevent experience,no_enrollment,Graduate,STEM,4,,,4,32
city_7,0.647,Male,Has relevent experience,no_enrollment,High School,,5,,,2,38
city_77,0.83,,Has relevent experience,no_enrollment,Masters,STEM,9,100-500,Pvt Ltd,2,278
city_160,0.92,Male,Has relevent experience,no_enrollment,Graduate,STEM,19,,,2,96
city_11,0.55,,No relevent experience,Full time course,Graduate,STEM,3,,,never,14
city_103,0.92,Female,Has relevent experience,no_enrollment,Graduate,STEM,13,100-500,Pvt Ltd,1,7
city_16,0.91,Male,Has relevent experience,no_enrollment,Graduate,STEM,7,1000-4999,Pvt Ltd,4,22
city_103,0.92,Male,Has relevent experience,no_enrollment,Graduate,STEM,9,1000-4999,Pvt Ltd,2,71
city_103,0.92,,No relevent experience,no_enrollment,Graduate,Business Degree,11,5000-9999,Pvt Ltd,1,10
city_103,0.92,Male,Has relevent experience,no_enrollment,Graduate,Humanities,>20,100-500,Pvt Ltd,>4,14
city_136,0.897,Male,Has relevent experience,no_enrollment,Masters,STEM,7,100-500,Early Stage Startup,>4,50
city_142,0.727,,No relevent experience,Part time course,Graduate,STEM,6,,,,110
city_123,0.738,,Has relevent experience,no_enrollment,Graduate,STEM,,100-500,Pvt Ltd,,9
city_103,0.92,Male,Has relevent experience,no_enrollment,Graduate,STEM,>20,,,2,28
city_103,0.92,,Has relevent experience,no_enrollment,Graduate,STEM,>20,50-99,Funded Startup,>4,43
city_74,0.579,Male,Has relevent experience,no_enrollment,Graduate,STEM,6,100-500,Pvt Ltd,1,8
city_21,0.624,Male,Has relevent experience,no_enrollment,Graduate,Other,1,<10,Pvt Ltd,never,19
city_133,0.742,Male,No relevent experience,Full time course,Graduate,STEM,2,,,never,220
city_16,0.91,Male,Has relevent experience,no_enrollment,Graduate,STEM,>20,10000+,Pvt Ltd,>4,56
city_71,0.884,Male,Has relevent experience,no_enrollment,Graduate,STEM,>20,100-500,Early Stage Startup,2,32
city_114,0.926,Male,No relevent experience,Full time course,Graduate,STEM,9,,,never,75
city_103,0.92,Female,Has relevent experience,no_enrollment,Graduate,Humanities,4,500-999,Funded Startup,3,127
city_75,0.939,Male,No relevent experience,Part time course,Graduate,STEM,3,500-999,Pvt Ltd,never,40
city_103,0.92,Male,Has relevent experience,no_enrollment,Graduate,STEM,7,10000+,Pvt Ltd,1,77
city_14,0.698,Male,Has relevent experience,no_enrollment,Masters,STEM,15,50-99,Pvt Ltd,1,4
city_104,0.924,Male,Has relevent experience,no_enrollment,Masters,STEM,>20,10000+,Pvt Ltd,4,242
city_67,0.855,,Has relevent experience,no_enrollment,Graduate,STEM,10,50-99,Pvt Ltd,4,85
city_104,0.924,Male,Has relevent experience,no_enrollment,Graduate,STEM,>20,1000-4999,Pvt Ltd,>4,95
city_65,0.802,,Has relevent experience,no_enrollment,Graduate,STEM,8,500-999,Pvt Ltd,1,4
city_16,0.91,Male,Has relevent experience,,Graduate,STEM,10,,,>4,13
city_71,0.884,Male,No relevent experience,Full time course,Graduate,STEM,6,,Pvt Ltd,never,128
city_21,0.624,,No relevent experience,no_enrollment,Primary School,,4,,,never,6
city_103,0.92,Male,No relevent experience,Full time course,Graduate,STEM,<1,,,never,77
city_67,0.855,,Has relevent experience,no_enrollment,Masters,STEM,10,,,2,3
city_103,0.92,,No relevent experience,Full time course,High School,,<1,,,,46
city_103,0.92,Male,No relevent experience,no_enrollment,Graduate,STEM,3,1000-4999,Pvt Ltd,3,13
city_8,0.698,Male,Has relevent experience,no_enrollment,High School,,>20,,,>4,10
city_73,0.754,Male,Has relevent experience,no_enrollment,High School,,7,,,never,4
city_40,0.7759999999999999,Male,No relevent experience,Full time course,High School,,5,,,never,56
city_90,0.698,Male,Has relevent experience,Full time course,Masters,STEM,>20,10000+,Public Sector,1,28
city_1,0.847,Male,Has relevent experience,no_enrollment,Graduate,STEM,3,50-99,Pvt Ltd,2,76
city_20,0.7959999999999999,Male,Has relevent experience,no_enrollment,Masters,STEM,17,,Pvt Ltd,1,4
city_103,0.92,Male,No relevent experience,no_enrollment,High School,,3,,,never,2
city_16,0.91,Male,No relevent experience,no_enrollment,Graduate,STEM,18,5000-9999,Pvt Ltd,2,99
city_75,0.939,,Has relevent experience,no_enrollment,Graduate,STEM,9,10/49,Pvt Ltd,1,18
city_21,0.624,Male,Has relevent experience,no_enrollment,Masters,STEM,12,10000+,Pvt Ltd,1,184
city_97,0.925,Male,Has relevent experience,no_enrollment,Masters,STEM,>20,,,1,82
city_160,0.92,Male,Has relevent experience,no_enrollment,Graduate,STEM,14,50-99,Pvt Ltd,1,30
city_46,0.762,Male,Has relevent experience,no_enrollment,Masters,STEM,6,,,never,21
city_100,0.887,Male,Has relevent experience,no_enrollment,Graduate,STEM,>20,100-500,Pvt Ltd,2,139
city_21,0.624,,No relevent experience,Full time course,Graduate,STEM,<1,,,,18
city_21,0.624,Male,Has relevent experience,no_enrollment,Graduate,STEM,8,100-500,Funded Startup,>4,138
city_143,0.74,Male,No relevent experience,no_enrollment,Graduate,STEM,14,,,3,38
city_57,0.866,Male,Has relevent experience,Full time course,Masters,STEM,10,500-999,Pvt Ltd,1,163
city_1,0.847,Male,Has relevent experience,Full time course,Masters,STEM,6,5000-9999,Pvt Ltd,1,72
city_16,0.91,Male,Has relevent experience,no_enrollment,Graduate,STEM,6,10000+,Pvt Ltd,1,3
city_145,0.555,,No relevent experience,Full time course,Graduate,STEM,2,,,1,3
city_136,0.897,Male,No relevent experience,no_enrollment,High School,,4,,,never,42
city_103,0.92,Female,No relevent experience,Full time course,Graduate,STEM,6,,,1,18
city_65,0.802,Male,Has relevent experience,no_enrollment,Graduate,STEM,8,50-99,Public Sector,2,136
city_21,0.624,,Has relevent experience,Full time course,Graduate,STEM,4,10/49,Pvt Ltd,1,6
city_103,0.92,Male,Has relevent experience,Part time course,Graduate,STEM,12,,,2,48
city_162,0.767,Male,Has relevent experience,no_enrollment,Graduate,STEM,6,50-99,Pvt Ltd,1,46
city_114,0.926,Male,Has relevent experience,no_enrollment,Masters,STEM,8,50-99,Early Stage Startup,1,5
city_21,0.624,Male,No relevent experience,Full time course,High School,,9,,,never,48
city_136,0.897,Male,Has relevent experience,no_enrollment,Masters,STEM,3,10/49,Pvt Ltd,2,40
city_102,0.804,Male,Has relevent experience,no_enrollment,Graduate,STEM,8,1000-4999,Pvt Ltd,1,86
city_103,0.92,,Has relevent experience,no_enrollment,Masters,Business Degree,5,100-500,Pvt Ltd,>4,28
city_21,0.624,Male,No relevent experience,Full time course,Graduate,STEM,2,,,never,31
city_90,0.698,,Has relevent experience,Full time course,Graduate,STEM,4,,,1,26
city_103,0.92,,Has relevent experience,no_enrollment,Graduate,STEM,8,1000-4999,Pvt Ltd,1,16
city_136,0.897,,Has relevent experience,no_enrollment,Masters,STEM,11,1000-4999,,2,31
city_28,0.939,,Has relevent experience,Full time course,Graduate,STEM,5,<10,Pvt Ltd,1,86
city_21,0.624,,Has relevent experience,no_enrollment,Graduate,STEM,2,<10,Pvt Ltd,never,61
city_103,0.92,,No relevent experience,no_enrollment,,,3,,,1,17
city_30,0.698,Male,Has relevent experience,no_enrollment,Graduate,STEM,11,,Pvt Ltd,1,30
city_136,0.897,Male,Has relevent experience,no_enrollment,Graduate,Other,>20,1000-4999,Pvt Ltd,never,99
city_103,0.92,Male,Has relevent experience,Part time course,Phd,STEM,>20,100-500,Pvt Ltd,>4,52
city_103,0.92,Male,Has relevent experience,no_enrollment,,,>20,500-999,Pvt Ltd,>4,6
city_103,0.92,Male,Has relevent experience,no_enrollment,Graduate,STEM,15,10000+,Pvt Ltd,2,30
city_16,0.91,Male,Has relevent experience,no_enrollment,Masters,STEM,>20,,,1,15
city_136,0.897,Male,No relevent experience,Full time course,Graduate,STEM,3,50-99,Early Stage Startup,1,182
city_53,0.74,Male,Has relevent experience,no_enrollment,Graduate,STEM,8,100-500,Pvt Ltd,1,170
city_16,0.91,Male,Has relevent experience,Part time course,High School,,4,<10,,1,16
city_21,0.624,Male,Has relevent experience,no_enrollment,Masters,STEM,10,100-500,Pvt Ltd,4,4
city_21,0.624,Male,No relevent experience,no_enrollment,Graduate,STEM,3,50-99,Early Stage Startup,1,150
city_21,0.624,Male,Has relevent experience,no_enrollment,Graduate,STEM,5,10/49,Funded Startup,1,44
city_103,0.92,,Has relevent experience,no_enrollment,Graduate,STEM,19,5000-9999,Pvt Ltd,1,44
city_103,0.92,Male,No relevent experience,no_enrollment,Masters,STEM,7,500-999,Pvt Ltd,1,192
city_160,0.92,Male,Has relevent experience,no_enrollment,Graduate,STEM,6,50-99,Public Sector,2,42
city_16,0.91,Male,Has relevent experience,no_enrollment,Graduate,STEM,>20,,,2,161
city_21,0.624,Male,Has relevent experience,no_enrollment,Masters,STEM,6,50-99,Pvt Ltd,>4,23
city_120,0.78,Male,No relevent experience,,,,3,,,never,129
city_83,0.923,Male,Has relevent experience,no_enrollment,Graduate,STEM,14,,,1,40
city_21,0.624,,Has relevent experience,Full time course,Graduate,STEM,9,10000+,Pvt Ltd,1,102
city_116,0.743,,Has relevent experience,Full time course,Masters,STEM,2,50-99,Pvt Ltd,1,4
city_103,0.92,Male,Has relevent experience,no_enrollment,Masters,STEM,14,100-500,Pvt Ltd,>4,31
city_126,0.479,,Has relevent experience,Part time course,Phd,STEM,>20,,,>4,40
city_21,0.624,,Has relevent experience,no_enrollment,Graduate,STEM,1,100-500,Pvt Ltd,1,41
city_103,0.92,Male,Has relevent experience,no_enrollment,Graduate,STEM,5,500-999,Pvt Ltd,1,51
city_136,0.897,,Has relevent experience,no_enrollment,Masters,STEM,8,,Pvt Ltd,1,55
city_28,0.939,Male,No relevent experience,Full time course,Graduate,STEM,14,10000+,Pvt Ltd,1,42
city_136,0.897,Male,Has relevent experience,no_enrollment,Masters,STEM,5,<10,Pvt Ltd,1,27
city_102,0.804,Male,Has relevent experience,no_enrollment,Masters,STEM,>20,500-999,Pvt Ltd,>4,168
city_103,0.92,Female,No relevent experience,Full time course,Graduate,STEM,4,10/49,,4,53
city_67,0.855,Male,No relevent experience,Full time course,High School,,9,,,1,19
city_103,0.92,,Has relevent experience,no_enrollment,Masters,STEM,7,10000+,NGO,>4,246
city_26,0.698,Male,Has relevent experience,no_enrollment,Masters,STEM,11,<10,Pvt Ltd,2,29
city_160,0.92,Male,Has relevent experience,no_enrollment,High School,,>20,<10,Pvt Ltd,3,67
city_160,0.92,,No relevent experience,no_enrollment,Primary School,,<1,,,never,12
city_114,0.926,Male,No relevent experience,no_enrollment,High School,,2,,Pvt Ltd,never,67
city_114,0.926,Male,Has relevent experience,Full time course,Masters,STEM,11,1000-4999,Public Sector,1,13
city_160,0.92,Other,No relevent experience,Full time course,Graduate,STEM,4,,,1,114
city_98,0.949,Female,Has relevent experience,no_enrollment,Masters,STEM,>20,50-99,Pvt Ltd,2,111
city_144,0.84,,Has relevent experience,no_enrollment,Graduate,STEM,15,50-99,Pvt Ltd,3,15
city_21,0.624,Male,Has relevent experience,no_enrollment,Masters,Business Degree,16,<10,Pvt Ltd,1,30
city_103,0.92,Male,Has relevent experience,no_enrollment,Graduate,Humanities,14,<10,Pvt Ltd,>4,23
city_114,0.926,,No relevent experience,Full time course,High School,,1,100-500,Public Sector,1,21
city_16,0.91,Male,Has relevent experience,no_enrollment,Graduate,STEM,4,50-99,Pvt Ltd,2,154
city_10,0.895,Male,Has relevent experience,no_enrollment,Graduate,STEM,4,50-99,Funded Startup,1,55
city_133,0.742,,Has relevent experience,no_enrollment,Graduate,STEM,7,100-500,Pvt Ltd,2,106
city_71,0.884,,Has relevent experience,no_enrollment,Masters,Business Degree,15,,,>4,24
city_28,0.939,Male,Has relevent experience,no_enrollment,Graduate,STEM,9,10000+,Pvt Ltd,4,22
city_21,0.624,Male,No relevent experience,no_enrollment,Graduate,STEM,2,500-999,Public Sector,1,39
city_57,0.866,,Has relevent experience,no_enrollment,Masters,STEM,10,50-99,Early Stage Startup,1,141
city_136,0.897,Male,Has relevent experience,no_enrollment,Masters,STEM,9,10000+,Pvt Ltd,1,14
city_114,0.926,Male,Has relevent experience,no_enrollment,Phd,STEM,16,100-500,Public Sector,2,28
city_102,0.804,Male,Has relevent experience,no_enrollment,Masters,STEM,12,5000-9999,Pvt Ltd,2,67
city_16,0.91,Male,Has relevent experience,Part time course,Graduate,STEM,>20,50-99,Pvt Ltd,3,14
city_74,0.579,Male,Has relevent experience,no_enrollment,Graduate,STEM,6,10000+,Pvt Ltd,1,202
city_16,0.91,Male,No relevent experience,no_enrollment,Phd,STEM,>20,500-999,Public Sector,>4,27
city_103,0.92,Male,Has relevent experience,no_enrollment,Graduate,STEM,11,,,2,13
city_45,0.89,Male,Has relevent experience,Full time course,Masters,STEM,9,50-99,Pvt Ltd,>4,51
city_160,0.92,,Has relevent experience,Full time course,Graduate,STEM,18,,,2,24
city_67,0.855,Male,No relevent experience,no_enrollment,Primary School,,1,,,1,176
city_23,0.899,Male,Has relevent experience,Part time course,Graduate,STEM,4,10/49,Pvt Ltd,1,92
city_103,0.92,,No relevent experience,Full time course,Graduate,STEM,4,,,1,75
city_61,0.913,Male,Has relevent experience,no_enrollment,Graduate,STEM,>20,1000-4999,Pvt Ltd,2,18
city_99,0.915,Male,No relevent experience,Full time course,Graduate,STEM,3,,,1,16
city_102,0.804,Male,Has relevent experience,no_enrollment,Masters,STEM,20,10/49,Pvt Ltd,1,13
city_67,0.855,Male,Has relevent experience,no_enrollment,Graduate,STEM,17,,,4,19
city_21,0.624,Male,Has relevent experience,no_enrollment,Graduate,STEM,9,50-99,Pvt Ltd,3,21
city_136,0.897,,Has relevent experience,no_enrollment,Masters,STEM,>20,10000+,Pvt Ltd,1,58
city_21,0.624,Male,Has relevent experience,no_enrollment,Masters,STEM,2,<10,Early Stage Startup,1,65
city_103,0.92,Male,Has relevent experience,no_enrollment,Graduate,Humanities,>20,,Pvt Ltd,>4,85
city_103,0.92,Male,Has relevent experience,no_enrollment,Graduate,STEM,18,1000-4999,Pvt Ltd,>4,8
city_103,0.92,Female,Has relevent experience,no_enrollment,Graduate,STEM,18,,,1,12
city_16,0.91,Male,Has relevent experience,no_enrollment,Graduate,STEM,4,500-999,,1,44
city_103,0.92,Female,Has relevent experience,no_enrollment,Phd,STEM,>20,10000+,Public Sector,4,31
city_103,0.92,Male,Has relevent experience,no_enrollment,Masters,Humanities,>20,100-500,Pvt Ltd,>4,136
city_21,0.624,,Has relevent experience,no_enrollment,Masters,STEM,17,10000+,Pvt Ltd,3,134
city_160,0.92,Male,Has relevent experience,no_enrollment,Graduate,STEM,7,10/49,Pvt Ltd,1,43
city_160,0.92,Male,Has relevent experience,no_enrollment,Graduate,STEM,>20,,,1,88
city_23,0.899,,No relevent experience,no_enrollment,Graduate,STEM,5,100-500,Public Sector,>4,34
city_16,0.91,Male,Has relevent experience,no_enrollment,Graduate,No Major,14,50-99,Pvt Ltd,>4,22
city_83,0.923,Male,Has relevent experience,no_enrollment,Graduate,STEM,14,1000-4999,Pvt Ltd,3,330
city_62,0.645,Male,Has relevent experience,no_enrollment,Masters,STEM,9,,,2,11
city_16,0.91,Male,Has relevent experience,no_enrollment,Graduate,Humanities,12,10/49,Pvt Ltd,1,105
city_103,0.92,Male,No relevent experience,Full time course,Graduate,STEM,4,,,2,61
city_117,0.698,,No relevent experience,Part time course,Graduate,STEM,4,1000-4999,Pvt Ltd,2,136
city_114,0.926,Female,Has relevent experience,no_enrollment,Graduate,STEM,>20,100-500,Pvt Ltd,2,40
city_104,0.924,Male,Has relevent experience,no_enrollment,High School,,14,<10,Pvt Ltd,1,38
city_103,0.92,Male,Has relevent experience,no_enrollment,Graduate,STEM,17,,,>4,78
city_103,0.92,Male,No relevent experience,no_enrollment,Masters,Humanities,10,1000-4999,NGO,3,16
city_103,0.92,Male,Has relevent experience,no_enrollment,Graduate,Humanities,>20,,,1,77
city_103,0.92,Male,Has relevent experience,no_enrollment,Graduate,Humanities,4,100-500,Pvt Ltd,1,60
city_16,0.91,Male,No relevent experience,Full time course,Masters,STEM,11,5000-9999,NGO,>4,90
city_16,0.91,Male,Has relevent experience,no_enrollment,Graduate,STEM,>20,100-500,Pvt Ltd,>4,114
city_103,0.92,Male,Has relevent experience,no_enrollment,Graduate,STEM,>20,10000+,Pvt Ltd,>4,156
city_102,0.804,Male,Has relevent experience,no_enrollment,High School,,>20,50-99,Funded Startup,1,110
city_104,0.924,,No relevent experience,Full time course,Graduate,Other,5,,,1,50
city_21,0.624,Male,Has relevent experience,no_enrollment,Graduate,STEM,9,,,1,68
city_103,0.92,,Has relevent experience,no_enrollment,Graduate,STEM,16,100-500,Pvt Ltd,>4,83
city_75,0.939,Male,Has relevent experience,no_enrollment,Graduate,STEM,>20,,,>4,65
city_41,0.8270000000000001,Male,Has relevent experience,Full time course,Graduate,STEM,>20,100-500,Pvt Ltd,>4,72
city_103,0.92,Female,No relevent experience,Full time course,Graduate,STEM,10,,Public Sector,>4,112
city_103,0.92,Male,Has relevent experience,no_enrollment,Graduate,STEM,3,1000-4999,Pvt Ltd,3,26
city_101,0.5579999999999999,Male,Has relevent experience,Part time course,Masters,STEM,12,,,4,35
city_114,0.926,,Has relevent experience,no_enrollment,Masters,STEM,15,,,never,91
city_103,0.92,Male,No relevent experience,Full time course,Graduate,STEM,1,1000-4999,Public Sector,1,10
city_103,0.92,Female,Has relevent experience,no_enrollment,Graduate,STEM,>20,<10,Early Stage Startup,1,78
city_123,0.738,,Has relevent experience,no_enrollment,Graduate,STEM,9,50-99,Funded Startup,1,9
city_67,0.855,Male,Has relevent experience,no_enrollment,Masters,STEM,20,500-999,Pvt Ltd,1,60
city_114,0.926,,Has relevent experience,Full time course,High School,,7,,,2,82
city_67,0.855,Male,Has relevent experience,no_enrollment,High School,,18,50-99,Pvt Ltd,>4,66
city_160,0.92,,No relevent experience,no_enrollment,Graduate,Arts,3,50-99,Pvt Ltd,never,130
city_21,0.624,Female,No relevent experience,no_enrollment,Masters,Humanities,3,,,>4,57
city_46,0.762,Male,Has relevent experience,no_enrollment,Graduate,STEM,9,<10,Funded Startup,4,2
city_103,0.92,Female,Has relevent experience,no_enrollment,Graduate,STEM,8,500-999,Funded Startup,1,134
city_65,0.802,Female,Has relevent experience,no_enrollment,Graduate,STEM,11,10/49,Pvt Ltd,2,112
city_65,0.802,,Has relevent experience,Full time course,Graduate,STEM,6,,,,100
city_102,0.804,,Has relevent experience,no_enrollment,Masters,STEM,9,,,2,25
city_71,0.884,Female,No relevent experience,Part time course,Graduate,STEM,5,100-500,Pvt Ltd,1,16
city_103,0.92,Male,Has relevent experience,no_enrollment,Masters,Humanities,5,,Pvt Ltd,>4,56
city_16,0.91,Male,Has relevent experience,no_enrollment,Masters,STEM,>20,1000-4999,Pvt Ltd,1,150
city_1,0.847,Male,Has relevent experience,no_enrollment,Graduate,STEM,14,<10,Pvt Ltd,1,33
city_102,0.804,Male,Has relevent experience,no_enrollment,Masters,STEM,9,10000+,Pvt Ltd,3,176
city_103,0.92,Female,Has relevent experience,no_enrollment,Masters,STEM,16,50-99,Funded Startup,4,52
city_16,0.91,Male,Has relevent experience,no_enrollment,Graduate,STEM,>20,100-500,Pvt Ltd,2,17
city_103,0.92,Male,Has relevent experience,no_enrollment,Masters,STEM,>20,100-500,Pvt Ltd,>4,98
city_36,0.893,,Has relevent experience,Part time course,High School,,5,<10,Early Stage Startup,1,23
city_114,0.926,,Has relevent experience,,Masters,Other,10,50-99,,1,58
city_103,0.92,Male,Has relevent experience,Full time course,Graduate,STEM,1,,,1,91
city_90,0.698,Male,Has relevent experience,Full time course,Graduate,STEM,14,,,1,45
city_71,0.884,,Has relevent experience,no_enrollment,Graduate,STEM,4,500-999,Pvt Ltd,2,92
city_16,0.91,Male,Has relevent experience,no_enrollment,Graduate,No Major,>20,100-500,Pvt Ltd,1,6
city_114,0.926,Male,Has relevent experience,no_enrollment,Graduate,STEM,15,10000+,Pvt Ltd,1,23
city_21,0.624,Other,Has relevent experience,Part time course,,,<1,10/49,Pvt Ltd,1,200
city_71,0.884,Male,Has relevent experience,no_enrollment,Graduate,STEM,19,,,>4,24
city_21,0.624,,No relevent experience,Full time course,Graduate,STEM,1,50-99,Pvt Ltd,,124
city_13,0.8270000000000001,Male,Has relevent experience,Full time course,Graduate,STEM,5,10/49,Public Sector,1,6
city_103,0.92,Male,Has relevent experience,no_enrollment,Graduate,STEM,18,10000+,Pvt Ltd,1,6
city_138,0.836,Male,Has relevent experience,no_enrollment,Graduate,STEM,>20,100-500,,4,12
city_71,0.884,Male,No relevent experience,no_enrollment,Masters,STEM,11,5000-9999,Pvt Ltd,>4,51
city_103,0.92,,Has relevent experience,no_enrollment,Graduate,STEM,3,50-99,Pvt Ltd,1,180
city_23,0.899,Male,Has relevent experience,no_enrollment,Masters,STEM,13,100-500,Funded Startup,3,59
city_103,0.92,Female,Has relevent experience,no_enrollment,Graduate,STEM,15,100-500,Pvt Ltd,>4,25
city_16,0.91,Male,Has relevent experience,no_enrollment,Graduate,STEM,4,50-99,,1,204
city_21,0.624,Female,Has relevent experience,no_enrollment,Graduate,STEM,5,10000+,Pvt Ltd,3,131
city_65,0.802,Male,Has relevent experience,,Graduate,STEM,8,50-99,Pvt Ltd,1,59
city_61,0.913,Male,Has relevent experience,no_enrollment,Graduate,STEM,9,1000-4999,Pvt Ltd,4,54
city_81,0.73,Male,No relevent experience,no_enrollment,Primary School,,1,,,never,63
city_16,0.91,Male,Has relevent experience,no_enrollment,Graduate,Business Degree,1,10/49,Pvt Ltd,1,8
city_21,0.624,Female,No relevent experience,no_enrollment,Graduate,STEM,<1,50-99,,1,23
city_21,0.624,,No relevent experience,Full time course,High School,,3,,,never,280
city_160,0.92,Male,Has relevent experience,no_enrollment,Graduate,Humanities,5,5000-9999,Pvt Ltd,1,25
city_114,0.926,Male,Has relevent experience,no_enrollment,Phd,STEM,>20,50-99,Pvt Ltd,>4,40
city_104,0.924,Male,Has relevent experience,no_enrollment,Phd,STEM,>20,,,1,50
city_114,0.926,Female,No relevent experience,no_enrollment,Graduate,STEM,4,1000-4999,Pvt Ltd,never,104
city_103,0.92,Female,No relevent experience,no_enrollment,Graduate,STEM,5,10/49,Early Stage Startup,1,34
city_16,0.91,,Has relevent experience,no_enrollment,Phd,STEM,15,10/49,Pvt Ltd,3,4
city_46,0.762,Male,Has relevent experience,Part time course,Graduate,STEM,>20,,,3,26
city_46,0.762,Male,Has relevent experience,no_enrollment,Graduate,STEM,6,1000-4999,Pvt Ltd,1,28
city_116,0.743,Male,No relevent experience,no_enrollment,,,2,,,never,118
city_103,0.92,Male,Has relevent experience,no_enrollment,Graduate,STEM,5,100-500,NGO,1,85
city_114,0.926,Male,Has relevent experience,Full time course,Graduate,STEM,7,<10,Early Stage Startup,2,178
city_103,0.92,Male,Has relevent experience,no_enrollment,Graduate,Humanities,7,100-500,Pvt Ltd,3,54
city_73,0.754,Female,Has relevent experience,no_enrollment,,,2,50-99,,1,17
city_16,0.91,Male,No relevent experience,no_enrollment,High School,,3,,,1,35
city_103,0.92,Male,No relevent experience,no_enrollment,Graduate,STEM,>20,,,>4,165
city_71,0.884,,Has relevent experience,no_enrollment,Masters,STEM,>20,10/49,Funded Startup,2,64
city_67,0.855,Male,Has relevent experience,no_enrollment,Masters,STEM,19,10/49,Pvt Ltd,>4,66
city_103,0.92,Female,Has relevent experience,no_enrollment,Graduate,STEM,8,100-500,Pvt Ltd,2,314
city_21,0.624,,Has relevent experience,Full time course,,,3,,Early Stage Startup,>4,132
city_104,0.924,Male,Has relevent experience,no_enrollment,Graduate,No Major,7,10/49,NGO,>4,23
city_41,0.8270000000000001,Male,Has relevent experience,no_enrollment,Graduate,STEM,>20,50-99,Pvt Ltd,>4,65
city_103,0.92,Male,No relevent experience,Full time course,High School,,3,10000+,Pvt Ltd,1,30
city_103,0.92,Male,Has relevent experience,no_enrollment,Graduate,STEM,15,10000+,Pvt Ltd,>4,44
city_114,0.926,Male,Has relevent experience,no_enrollment,High School,,>20,,,1,40
city_21,0.624,,No relevent experience,Full time course,Graduate,STEM,<1,,,1,36
city_128,0.527,Male,No relevent experience,Full time course,High School,,4,,,never,160
city_98,0.949,,Has relevent experience,no_enrollment,Graduate,STEM,>20,<10,Funded Startup,2,35
city_21,0.624,,No relevent experience,no_enrollment,Graduate,Other,1,50-99,Pvt Ltd,never,12
city_103,0.92,,Has relevent experience,no_enrollment,Graduate,STEM,14,5000-9999,Pvt Ltd,>4,101
city_104,0.924,Male,Has relevent experience,no_enrollment,Graduate,STEM,8,500-999,Pvt Ltd,4,270
city_102,0.804,Male,Has relevent experience,no_enrollment,Masters,STEM,14,50-99,Pvt Ltd,1,28
city_74,0.579,Male,No relevent experience,no_enrollment,Graduate,STEM,6,<10,Funded Startup,never,8
city_21,0.624,,No relevent experience,,Graduate,STEM,2,,,never,180
city_160,0.92,Male,Has relevent experience,no_enrollment,Masters,STEM,9,10000+,Pvt Ltd,4,90
city_21,0.624,,Has relevent experience,no_enrollment,Graduate,STEM,5,10000+,Pvt Ltd,1,92
city_21,0.624,,Has relevent experience,Full time course,,,2,100-500,Pvt Ltd,1,12
city_103,0.92,Male,Has relevent experience,no_enrollment,Graduate,STEM,>20,5000-9999,Pvt Ltd,2,25
city_103,0.92,Male,No relevent experience,Full time course,High School,,<1,10/49,NGO,1,87
city_103,0.92,Male,Has relevent experience,no_enrollment,Graduate,STEM,>20,,,1,42
city_11,0.55,Male,Has relevent experience,Full time course,Masters,STEM,4,50-99,NGO,1,110
city_21,0.624,,No relevent experience,Full time course,Graduate,STEM,3,,,1,22
city_106,0.698,Male,Has relevent experience,no_enrollment,Graduate,STEM,18,10000+,Pvt Ltd,4,39
city_11,0.55,,Has relevent experience,no_enrollment,Graduate,STEM,5,10/49,Pvt Ltd,3,29
city_16,0.91,Female,Has relevent experience,no_enrollment,Masters,STEM,5,,,2,86
city_21,0.624,Male,No relevent experience,no_enrollment,Graduate,STEM,5,100-500,Pvt Ltd,1,160
city_21,0.624,Male,Has relevent experience,no_enrollment,Masters,STEM,6,<10,Pvt Ltd,4,34
city_16,0.91,Male,Has relevent experience,no_enrollment,Graduate,STEM,>20,100-500,Pvt Ltd,3,158
city_21,0.624,Male,Has relevent experience,no_enrollment,Masters,STEM,6,,,1,56
city_100,0.887,Male,No relevent experience,no_enrollment,High School,,11,,Pvt Ltd,>4,29
city_160,0.92,Male,Has relevent experience,Full time course,Graduate,STEM,>20,,,>4,39
city_20,0.7959999999999999,Male,Has relevent experience,Full time course,Graduate,STEM,6,,,1,121
city_16,0.91,Female,Has relevent experience,no_enrollment,High School,,2,10/49,,1,25
city_75,0.939,Male,Has relevent experience,no_enrollment,Graduate,STEM,6,50-99,Funded Startup,4,52
city_136,0.897,,Has relevent experience,no_enrollment,Masters,STEM,6,100-500,Pvt Ltd,1,64
city_21,0.624,,No relevent experience,no_enrollment,,,3,,,,12
city_103,0.92,Male,Has relevent experience,no_enrollment,Phd,STEM,>20,10000+,Pvt Ltd,1,79
city_114,0.926,,No relevent experience,Full time course,Graduate,STEM,10,10/49,Pvt Ltd,1,92
city_103,0.92,Male,Has relevent experience,no_enrollment,Graduate,STEM,5,100-500,Public Sector,>4,164
city_21,0.624,Female,Has relevent experience,no_enrollment,Masters,STEM,,5000-9999,Pvt Ltd,,216
city_102,0.804,Female,No relevent experience,Full time course,High School,,4,,,never,144
city_21,0.624,,Has relevent experience,no_enrollment,Graduate,STEM,6,5000-9999,Pvt Ltd,2,81
city_103,0.92,Male,Has relevent experience,Part time course,Graduate,STEM,19,5000-9999,Pvt Ltd,>4,141
city_149,0.6890000000000001,,No relevent experience,no_enrollment,,,3,,,never,43
city_102,0.804,Male,Has relevent experience,no_enrollment,Graduate,STEM,10,100-500,Pvt Ltd,1,60
city_75,0.939,,Has relevent experience,no_enrollment,Graduate,STEM,12,1000-4999,Pvt Ltd,1,42
city_67,0.855,Male,Has relevent experience,Full time course,Graduate,STEM,15,,,1,78
city_28,0.939,Male,Has relevent experience,no_enrollment,Graduate,STEM,11,50-99,Pvt Ltd,1,96
city_10,0.895,,Has relevent experience,no_enrollment,Masters,STEM,>20,100-500,Pvt Ltd,1,25
city_21,0.624,Female,Has relevent experience,no_enrollment,Graduate,STEM,12,50-99,Pvt Ltd,2,94
city_16,0.91,Male,Has relevent experience,no_enrollment,Graduate,STEM,5,100-500,Pvt Ltd,1,55
city_100,0.887,Male,Has relevent experience,no_enrollment,Primary School,,4,10/49,Pvt Ltd,1,14
city_21,0.624,,No relevent experience,no_enrollment,Graduate,STEM,5,10000+,Pvt Ltd,1,5
city_75,0.939,Male,No relevent experience,no_enrollment,Phd,STEM,>20,,,>4,82
city_67,0.855,,Has relevent experience,no_enrollment,Graduate,STEM,11,1000-4999,Pvt Ltd,2,81
city_74,0.579,Male,No relevent experience,,,,1,,,1,4
city_103,0.92,Male,Has relevent experience,no_enrollment,Phd,STEM,13,10000+,Public Sector,>4,12
city_103,0.92,Male,No relevent experience,Full time course,Masters,STEM,14,,,never,40
city_100,0.887,Male,Has relevent experience,no_enrollment,Masters,STEM,>20,,,>4,63
city_21,0.624,Female,No relevent experience,Full time course,High School,,2,,,never,79
city_136,0.897,Male,Has relevent experience,no_enrollment,Graduate,STEM,7,<10,Pvt Ltd,3,27
city_21,0.624,Male,No relevent experience,no_enrollment,Graduate,STEM,8,10000+,Pvt Ltd,never,26
city_103,0.92,Male,Has relevent experience,no_enrollment,Graduate,STEM,>20,,,1,43
city_103,0.92,Male,Has relevent experience,no_enrollment,Graduate,STEM,4,,,1,14
city_149,0.6890000000000001,,Has relevent experience,no_enrollment,Graduate,STEM,4,50-99,Pvt Ltd,4,97
city_21,0.624,Male,No relevent experience,Full time course,High School,,4,,,never,10
city_83,0.923,Male,No relevent experience,no_enrollment,Masters,STEM,3,10000+,Pvt Ltd,never,30
city_114,0.926,Male,Has relevent experience,no_enrollment,Graduate,STEM,>20,10/49,Pvt Ltd,1,40
city_104,0.924,,Has relevent experience,no_enrollment,Masters,Business Degree,>20,,,>4,11
city_114,0.926,Male,No relevent experience,no_enrollment,High School,,6,,,1,182
city_104,0.924,Male,No relevent experience,Full time course,High School,,6,,,never,15
city_100,0.887,Male,Has relevent experience,no_enrollment,Graduate,STEM,3,10/49,,1,168
city_21,0.624,,No relevent experience,no_enrollment,Graduate,STEM,2,,,1,43
city_23,0.899,Female,Has relevent experience,no_enrollment,Graduate,STEM,8,50-99,Pvt Ltd,1,100
city_103,0.92,Male,Has relevent experience,no_enrollment,Graduate,STEM,>20,<10,Funded Startup,1,10
city_21,0.624,,Has relevent experience,no_enrollment,Graduate,STEM,4,10000+,Pvt Ltd,1,28
city_16,0.91,Male,No relevent experience,no_enrollment,Graduate,STEM,11,10/49,Pvt Ltd,>4,100
city_16,0.91,,Has relevent experience,no_enrollment,Graduate,STEM,13,100-500,Pvt Ltd,1,25
city_104,0.924,Male,Has relevent experience,no_enrollment,Graduate,STEM,10,100-500,Pvt Ltd,1,54
city_103,0.92,Male,Has relevent experience,no_enrollment,High School,,>20,1000-4999,Pvt Ltd,2,182
city_136,0.897,Male,Has relevent experience,no_enrollment,Masters,STEM,7,,,2,18
city_114,0.926,Male,No relevent experience,no_enrollment,Graduate,STEM,10,10000+,Pvt Ltd,1,67
city_103,0.92,Male,Has relevent experience,no_enrollment,Graduate,STEM,>20,100-500,Pvt Ltd,1,206
city_83,0.923,Male,Has relevent experience,no_enrollment,Graduate,STEM,6,50-99,Pvt Ltd,4,41
city_150,0.698,Male,No relevent experience,no_enrollment,Graduate,STEM,9,,,4,64
city_36,0.893,Male,Has relevent experience,no_enrollment,Masters,STEM,4,500-999,Public Sector,1,18
city_103,0.92,Male,Has relevent experience,no_enrollment,Graduate,No Major,13,,,1,7
city_138,0.836,Male,Has relevent experience,no_enrollment,Masters,STEM,>20,500-999,Pvt Ltd,>4,38
city_102,0.804,Other,Has relevent experience,no_enrollment,Graduate,STEM,18,50-99,Pvt Ltd,3,37
city_103,0.92,Male,Has relevent experience,no_enrollment,Graduate,STEM,10,1000-4999,Pvt Ltd,>4,146
city_160,0.92,,Has relevent experience,Full time course,High School,,4,10/49,Pvt Ltd,,108
city_160,0.92,Male,Has relevent experience,no_enrollment,Masters,STEM,10,50-99,,4,51
city_74,0.579,Male,No relevent experience,no_enrollment,Graduate,Other,6,100-500,Pvt Ltd,2,5
city_100,0.887,Female,No relevent experience,no_enrollment,Masters,STEM,5,50-99,Pvt Ltd,1,218
city_138,0.836,Male,No relevent experience,Full time course,Graduate,STEM,11,50-99,Pvt Ltd,never,28
city_136,0.897,Male,Has relevent experience,no_enrollment,Masters,STEM,14,10/49,Funded Startup,never,4
city_16,0.91,Male,Has relevent experience,no_enrollment,Masters,STEM,17,50-99,Pvt Ltd,3,33
city_21,0.624,Male,No relevent experience,no_enrollment,Graduate,STEM,10,,,>4,6
city_11,0.55,Male,Has relevent experience,no_enrollment,Graduate,STEM,5,10/49,Pvt Ltd,1,87
city_114,0.926,Male,Has relevent experience,no_enrollment,Masters,STEM,15,100-500,Pvt Ltd,2,268
city_103,0.92,Female,Has relevent experience,no_enrollment,Graduate,STEM,16,,Pvt Ltd,2,89
city_103,0.92,Male,No relevent experience,no_enrollment,Masters,STEM,4,1000-4999,Pvt Ltd,2,60
city_103,0.92,Male,Has relevent experience,no_enrollment,Graduate,Humanities,15,,NGO,2,63
city_136,0.897,Male,No relevent experience,Full time course,Graduate,STEM,3,,,never,54
city_21,0.624,,Has relevent experience,no_enrollment,Graduate,STEM,1,50-99,Pvt Ltd,1,27
city_73,0.754,Male,Has relevent experience,no_enrollment,High School,,>20,,,never,112
city_23,0.899,Male,Has relevent experience,no_enrollment,Graduate,STEM,>20,10000+,Pvt Ltd,2,26
city_103,0.92,Male,No relevent experience,no_enrollment,Graduate,STEM,7,,,1,61
city_21,0.624,,Has relevent experience,Full time course,Graduate,STEM,5,50-99,Pvt Ltd,1,71
city_21,0.624,,Has relevent experience,no_enrollment,Graduate,STEM,14,100-500,Pvt Ltd,>4,45
city_21,0.624,,No relevent experience,no_enrollment,Graduate,STEM,1,<10,,1,29
city_21,0.624,Male,No relevent experience,Full time course,High School,,3,,,never,7
city_162,0.767,,Has relevent experience,no_enrollment,Masters,STEM,8,100-500,Pvt Ltd,1,59
city_16,0.91,Male,Has relevent experience,no_enrollment,Graduate,STEM,>20,10000+,Public Sector,1,41
city_136,0.897,,Has relevent experience,Part time course,Masters,STEM,5,50-99,,1,21
city_21,0.624,Male,Has relevent experience,no_enrollment,Graduate,STEM,8,<10,Pvt Ltd,1,39
city_28,0.939,,No relevent experience,no_enrollment,High School,,2,5000-9999,,1,10
city_67,0.855,Male,Has relevent experience,no_enrollment,Graduate,STEM,9,50-99,Pvt Ltd,1,22
city_46,0.762,Male,Has relevent experience,no_enrollment,Graduate,STEM,17,,,2,17
city_77,0.83,Male,Has relevent experience,Full time course,Graduate,STEM,5,,,never,50
city_136,0.897,,Has relevent experience,no_enrollment,Masters,STEM,5,50-99,,1,54
city_21,0.624,,Has relevent experience,no_enrollment,Graduate,STEM,3,50-99,Pvt Ltd,2,50
city_160,0.92,Male,Has relevent experience,no_enrollment,Graduate,STEM,>20,100-500,Pvt Ltd,>4,34
city_149,0.6890000000000001,Male,Has relevent experience,no_enrollment,Graduate,STEM,7,500-999,Funded Startup,1,103
city_16,0.91,Male,Has relevent experience,no_enrollment,Graduate,STEM,7,5000-9999,Pvt Ltd,2,6
city_19,0.682,Male,Has relevent experience,,Graduate,STEM,7,50-99,Pvt Ltd,1,39
city_100,0.887,Male,No relevent experience,no_enrollment,Masters,STEM,>20,1000-4999,Public Sector,>4,3
city_160,0.92,Male,Has relevent experience,no_enrollment,Graduate,STEM,10,50-99,Pvt Ltd,>4,170
city_103,0.92,Male,Has relevent experience,no_enrollment,Graduate,STEM,>20,50-99,Pvt Ltd,1,30
city_180,0.698,Male,Has relevent experience,no_enrollment,Graduate,Other,15,,,>4,31
city_159,0.843,Male,Has relevent experience,no_enrollment,Masters,STEM,15,100-500,,1,29
city_21,0.624,,Has relevent experience,no_enrollment,Graduate,STEM,6,,,4,63
city_173,0.878,Male,Has relevent experience,no_enrollment,Graduate,No Major,8,50-99,Pvt Ltd,1,129
city_53,0.74,Male,Has relevent experience,no_enrollment,Graduate,STEM,16,1000-4999,Pvt Ltd,>4,49
city_46,0.762,Male,Has relevent experience,Full time course,Graduate,STEM,<1,<10,Early Stage Startup,never,58
city_103,0.92,Male,Has relevent experience,no_enrollment,Graduate,STEM,13,50-99,Pvt Ltd,1,194
city_144,0.84,,Has relevent experience,Full time course,Graduate,STEM,6,100-500,Pvt Ltd,4,107
city_103,0.92,,No relevent experience,no_enrollment,Primary School,,2,,,never,47
city_67,0.855,Female,No relevent experience,Full time course,Graduate,STEM,14,,,1,156
city_16,0.91,Male,No relevent experience,no_enrollment,Masters,STEM,5,10000+,Pvt Ltd,never,31
city_16,0.91,Male,Has relevent experience,no_enrollment,Masters,STEM,14,100-500,Pvt Ltd,1,33
city_16,0.91,Male,Has relevent experience,no_enrollment,Graduate,STEM,11,10000+,Pvt Ltd,>4,51
city_103,0.92,Male,No relevent experience,Part time course,Masters,STEM,9,10000+,Pvt Ltd,never,182
city_21,0.624,Male,Has relevent experience,no_enrollment,Graduate,STEM,6,10000+,Pvt Ltd,3,68
city_103,0.92,Male,Has relevent experience,no_enrollment,Graduate,STEM,4,10000+,Pvt Ltd,2,8
city_74,0.579,Male,Has relevent experience,no_enrollment,Masters,STEM,8,100-500,Pvt Ltd,3,50
city_104,0.924,,Has relevent experience,no_enrollment,Graduate,STEM,3,50-99,Pvt Ltd,1,156
city_114,0.926,Male,Has relevent experience,Full time course,Graduate,STEM,7,100-500,Pvt Ltd,1,29
city_21,0.624,Male,No relevent experience,no_enrollment,Graduate,STEM,2,50-99,Pvt Ltd,never,24
city_21,0.624,Male,No relevent experience,Full time course,High School,,3,,,never,62
city_145,0.555,Male,Has relevent experience,no_enrollment,Graduate,STEM,4,,,1,50
city_103,0.92,Male,Has relevent experience,no_enrollment,Graduate,STEM,11,50-99,Pvt Ltd,1,62
city_103,0.92,Male,Has relevent experience,no_enrollment,Masters,STEM,>20,100-500,Funded Startup,>4,90
city_103,0.92,Male,No relevent experience,no_enrollment,Masters,Business Degree,2,5000-9999,Pvt Ltd,2,36
city_103,0.92,Other,Has relevent experience,no_enrollment,Graduate,STEM,13,1000-4999,Pvt Ltd,1,25
city_149,0.6890000000000001,Male,Has relevent experience,no_enrollment,Graduate,Arts,4,,,4,72
city_142,0.727,,No relevent experience,no_enrollment,Graduate,STEM,15,100-500,Funded Startup,3,18
city_103,0.92,Male,No relevent experience,no_enrollment,Graduate,Humanities,1,50-99,Public Sector,never,48
city_114,0.926,,No relevent experience,no_enrollment,Masters,Humanities,6,50-99,Pvt Ltd,1,76
city_103,0.92,Male,Has relevent experience,no_enrollment,Graduate,STEM,>20,50-99,Pvt Ltd,>4,151
city_103,0.92,Male,Has relevent experience,no_enrollment,High School,,>20,50-99,,1,246
city_16,0.91,Female,Has relevent experience,no_enrollment,Graduate,STEM,>20,50-99,,1,166
city_21,0.624,,No relevent experience,Part time course,High School,,<1,,,never,50
city_114,0.926,Male,Has relevent experience,no_enrollment,Phd,STEM,20,500-999,Pvt Ltd,1,31
city_21,0.624,Male,Has relevent experience,no_enrollment,Masters,STEM,1,100-500,Pvt Ltd,1,133
city_102,0.804,Male,No relevent experience,Part time course,Masters,STEM,7,,,>4,139
city_116,0.743,Male,Has relevent experience,no_enrollment,Graduate,STEM,12,100-500,Pvt Ltd,1,6
city_103,0.92,Male,Has relevent experience,no_enrollment,Graduate,STEM,10,,,2,107
city_103,0.92,,No relevent experience,no_enrollment,High School,,5,,,2,27
city_136,0.897,Male,Has relevent experience,no_enrollment,Masters,STEM,10,10/49,Early Stage Startup,1,53
city_103,0.92,Male,No relevent experience,no_enrollment,High School,,3,,,never,29
city_103,0.92,,Has relevent experience,no_enrollment,Graduate,STEM,11,10000+,,4,84
city_103,0.92,Female,Has relevent experience,no_enrollment,Masters,STEM,11,10000+,Pvt Ltd,1,61
city_114,0.926,Male,Has relevent experience,no_enrollment,Masters,STEM,8,50-99,Pvt Ltd,1,2
city_136,0.897,,Has relevent experience,no_enrollment,Masters,STEM,7,50-99,Pvt Ltd,never,83
city_73,0.754,,No relevent experience,no_enrollment,Graduate,STEM,9,10000+,Public Sector,>4,15
city_61,0.913,Male,Has relevent experience,no_enrollment,Masters,STEM,7,100-500,Pvt Ltd,1,84
city_103,0.92,Female,Has relevent experience,no_enrollment,Graduate,STEM,12,50-99,Funded Startup,1,32
city_21,0.624,Male,Has relevent experience,Full time course,Graduate,STEM,9,10/49,Pvt Ltd,3,79
city_102,0.804,,No relevent experience,Part time course,Graduate,STEM,1,,,1,198
city_16,0.91,Male,Has relevent experience,Full time course,Graduate,STEM,7,100-500,Pvt Ltd,1,23
city_28,0.939,Male,Has relevent experience,no_enrollment,Masters,STEM,20,10000+,Pvt Ltd,1,58
city_116,0.743,Male,Has relevent experience,Full time course,High School,,5,,,never,32
city_21,0.624,Male,No relevent experience,Full time course,Masters,STEM,3,,,never,23
city_21,0.624,Male,No relevent experience,no_enrollment,High School,,3,,,never,81
city_114,0.926,Male,Has relevent experience,no_enrollment,Graduate,STEM,5,10000+,,1,50
city_45,0.89,Male,Has relevent experience,Full time course,Graduate,STEM,4,10/49,Pvt Ltd,2,100
city_114,0.926,,Has relevent experience,Part time course,Masters,STEM,18,,,1,47
city_16,0.91,Male,Has relevent experience,no_enrollment,Graduate,STEM,6,10/49,Pvt Ltd,1,24
city_16,0.91,Male,Has relevent experience,no_enrollment,Graduate,STEM,>20,10/49,Pvt Ltd,2,158
city_103,0.92,,No relevent experience,no_enrollment,Masters,STEM,,10000+,,,103
city_21,0.624,,Has relevent experience,no_enrollment,Masters,STEM,11,10000+,Pvt Ltd,1,17
city_103,0.92,,Has relevent experience,Part time course,Graduate,STEM,1,50-99,Funded Startup,1,117
city_73,0.754,Male,Has relevent experience,no_enrollment,Graduate,STEM,5,10000+,Pvt Ltd,1,51
city_114,0.926,Male,No relevent experience,no_enrollment,Masters,STEM,14,500-999,Pvt Ltd,1,23
city_114,0.926,Male,No relevent experience,no_enrollment,Masters,STEM,9,10000+,NGO,2,18
city_23,0.899,Male,No relevent experience,Part time course,High School,,4,,,1,14
city_57,0.866,,Has relevent experience,no_enrollment,Masters,STEM,4,50-99,Pvt Ltd,1,3
city_21,0.624,Male,No relevent experience,no_enrollment,Masters,STEM,10,500-999,Public Sector,4,33
city_114,0.926,,Has relevent experience,no_enrollment,Graduate,STEM,6,500-999,Pvt Ltd,1,51
city_50,0.8959999999999999,Male,Has relevent experience,no_enrollment,High School,,>20,500-999,Pvt Ltd,>4,37
city_103,0.92,Male,Has relevent experience,no_enrollment,Graduate,Humanities,7,50-99,Pvt Ltd,2,79
city_16,0.91,Male,No relevent experience,no_enrollment,Graduate,STEM,15,10000+,Pvt Ltd,>4,147
city_160,0.92,,Has relevent experience,no_enrollment,Graduate,STEM,2,10000+,Pvt Ltd,1,24
city_21,0.624,Male,No relevent experience,Part time course,Masters,STEM,15,100-500,Pvt Ltd,never,9
city_134,0.698,,No relevent experience,no_enrollment,,,,,,never,106
city_162,0.767,Male,Has relevent experience,Full time course,Graduate,STEM,>20,,,4,38
city_149,0.6890000000000001,Male,Has relevent experience,Part time course,Graduate,STEM,17,50-99,Pvt Ltd,1,50
city_103,0.92,Male,Has relevent experience,no_enrollment,Masters,STEM,>20,10000+,Pvt Ltd,2,11
city_103,0.92,Female,Has relevent experience,no_enrollment,Graduate,STEM,8,1000-4999,Pvt Ltd,4,84
city_103,0.92,Male,Has relevent experience,no_enrollment,Graduate,STEM,>20,100-500,Pvt Ltd,>4,44
city_179,0.512,Male,Has relevent experience,no_enrollment,Masters,STEM,9,50-99,Pvt Ltd,1,68
city_65,0.802,Male,Has relevent experience,Full time course,High School,,7,50-99,Pvt Ltd,1,17
city_46,0.762,Male,No relevent experience,no_enrollment,Phd,STEM,14,100-500,Public Sector,never,188
city_103,0.92,Male,Has relevent experience,no_enrollment,Graduate,STEM,4,100-500,Pvt Ltd,1,168
city_103,0.92,Male,Has relevent experience,no_enrollment,Graduate,STEM,8,10000+,Other,2,258
city_123,0.738,Male,Has relevent experience,no_enrollment,Graduate,STEM,17,5000-9999,Pvt Ltd,3,2
city_136,0.897,Male,Has relevent experience,no_enrollment,Graduate,STEM,6,10000+,Pvt Ltd,2,48
city_114,0.926,Male,Has relevent experience,no_enrollment,Graduate,STEM,>20,100-500,Pvt Ltd,>4,19
city_16,0.91,Male,Has relevent experience,no_enrollment,Graduate,STEM,19,50-99,,2,11
city_103,0.92,Male,Has relevent experience,Part time course,Graduate,STEM,16,1000-4999,Pvt Ltd,1,30
city_114,0.926,,No relevent experience,no_enrollment,Masters,STEM,14,,Pvt Ltd,never,101
city_114,0.926,Male,Has relevent experience,no_enrollment,Graduate,STEM,6,50-99,Pvt Ltd,1,94
city_23,0.899,Male,Has relevent experience,no_enrollment,Graduate,STEM,20,500-999,Pvt Ltd,>4,15
city_103,0.92,,No relevent experience,Full time course,High School,,3,50-99,Funded Startup,,314
city_21,0.624,Male,Has relevent experience,no_enrollment,Graduate,STEM,3,100-500,Pvt Ltd,1,53
city_103,0.92,Male,Has relevent experience,Part time course,Masters,STEM,11,500-999,Public Sector,>4,102
city_97,0.925,Male,Has relevent experience,no_enrollment,Masters,STEM,>20,1000-4999,Pvt Ltd,>4,31
city_16,0.91,Male,Has relevent experience,no_enrollment,Graduate,STEM,17,,,2,62
city_16,0.91,Male,Has relevent experience,no_enrollment,Graduate,STEM,4,50-99,Pvt Ltd,1,2
city_36,0.893,Male,No relevent experience,no_enrollment,Primary School,,4,,,never,17
city_76,0.698,Male,No relevent experience,Full time course,Graduate,STEM,3,,,1,19
city_21,0.624,,Has relevent experience,no_enrollment,Graduate,Other,<1,10/49,Pvt Ltd,1,5
city_103,0.92,,Has relevent experience,no_enrollment,Graduate,STEM,16,10000+,Pvt Ltd,3,81
city_21,0.624,Male,Has relevent experience,no_enrollment,Graduate,STEM,6,50-99,Funded Startup,4,17
city_83,0.923,,Has relevent experience,no_enrollment,Graduate,STEM,4,10000+,Pvt Ltd,1,11
city_99,0.915,Male,Has relevent experience,no_enrollment,Graduate,STEM,>20,100-500,NGO,2,23
city_165,0.903,,Has relevent experience,no_enrollment,Graduate,STEM,>20,,,>4,80
city_16,0.91,Male,Has relevent experience,no_enrollment,Masters,STEM,14,1000-4999,Pvt Ltd,>4,72
city_75,0.939,Male,Has relevent experience,no_enrollment,Graduate,STEM,16,1000-4999,NGO,1,40
city_142,0.727,,Has relevent experience,Part time course,Graduate,STEM,6,10/49,Pvt Ltd,1,43
city_20,0.7959999999999999,,Has relevent experience,no_enrollment,Masters,STEM,7,,,1,109
city_12,0.64,,No relevent experience,no_enrollment,Masters,STEM,6,10000+,,1,59
city_114,0.926,,No relevent experience,no_enrollment,Graduate,STEM,14,10/49,Pvt Ltd,1,198
city_65,0.802,,No relevent experience,no_enrollment,High School,,3,<10,,never,108
city_93,0.865,,Has relevent experience,no_enrollment,Graduate,STEM,8,10000+,Pvt Ltd,1,30
city_116,0.743,Male,Has relevent experience,no_enrollment,Masters,Other,2,100-500,,2,102
city_149,0.6890000000000001,Male,Has relevent experience,no_enrollment,Graduate,STEM,11,,,1,56
city_16,0.91,,Has relevent experience,no_enrollment,Masters,STEM,16,<10,,1,45
city_149,0.6890000000000001,Female,Has relevent experience,Full time course,Masters,STEM,19,50-99,Pvt Ltd,1,125
city_42,0.563,Male,No relevent experience,Full time course,Graduate,STEM,5,50-99,Pvt Ltd,2,100
city_21,0.624,Male,Has relevent experience,no_enrollment,Graduate,STEM,7,100-500,Early Stage Startup,1,220
city_138,0.836,Male,No relevent experience,Full time course,Graduate,STEM,6,,,1,32
city_98,0.949,Male,Has relevent experience,no_enrollment,Masters,STEM,>20,1000-4999,Pvt Ltd,>4,105
city_103,0.92,,No relevent experience,Part time course,Graduate,STEM,1,,,never,99
city_143,0.74,Male,Has relevent experience,no_enrollment,Masters,STEM,>20,,,1,72
city_21,0.624,Female,Has relevent experience,no_enrollment,Graduate,STEM,3,10/49,Pvt Ltd,2,7
city_103,0.92,Female,No relevent experience,no_enrollment,Masters,STEM,>20,50-99,Other,>4,162
city_160,0.92,Male,Has relevent experience,no_enrollment,Graduate,STEM,9,<10,Funded Startup,1,70
city_114,0.926,Male,Has relevent experience,no_enrollment,Masters,STEM,>20,10000+,Pvt Ltd,>4,328
city_28,0.939,Male,Has relevent experience,no_enrollment,Masters,STEM,9,50-99,Pvt Ltd,1,10
city_11,0.55,,Has relevent experience,no_enrollment,Graduate,STEM,6,500-999,Pvt Ltd,1,62
city_97,0.925,,No relevent experience,no_enrollment,Masters,Humanities,1,500-999,,never,13
city_104,0.924,Male,Has relevent experience,no_enrollment,Graduate,STEM,>20,10/49,Funded Startup,2,74
city_40,0.7759999999999999,Male,Has relevent experience,no_enrollment,High School,,13,50-99,Pvt Ltd,1,10
city_71,0.884,Male,Has relevent experience,no_enrollment,Masters,STEM,16,50-99,Pvt Ltd,>4,120
city_23,0.899,Female,Has relevent experience,no_enrollment,Masters,STEM,15,100-500,,4,76
city_50,0.8959999999999999,Male,Has relevent experience,no_enrollment,Masters,STEM,13,5000-9999,Public Sector,2,88
city_114,0.926,Male,Has relevent experience,no_enrollment,Graduate,Other,18,,,>4,212
city_45,0.89,Male,Has relevent experience,,Masters,STEM,15,50-99,Pvt Ltd,>4,26
city_46,0.762,Male,Has relevent experience,no_enrollment,Graduate,STEM,5,10000+,Pvt Ltd,1,18
city_145,0.555,Male,No relevent experience,Full time course,Graduate,STEM,2,,,2,120
city_103,0.92,Male,Has relevent experience,no_enrollment,Graduate,STEM,4,100-500,Pvt Ltd,1,60
city_114,0.926,,Has relevent experience,Full time course,Phd,STEM,2,10000+,Pvt Ltd,never,47
city_21,0.624,,Has relevent experience,no_enrollment,Graduate,Other,<1,10000+,Pvt Ltd,,66
city_105,0.794,Male,Has relevent experience,no_enrollment,Masters,Business Degree,>20,50-99,Funded Startup,>4,30
city_160,0.92,Male,Has relevent experience,no_enrollment,Graduate,STEM,5,10/49,,4,81
city_21,0.624,Male,Has relevent experience,no_enrollment,Graduate,STEM,5,50-99,Pvt Ltd,1,52
city_78,0.579,Male,Has relevent experience,no_enrollment,Graduate,STEM,2,,,1,9
city_160,0.92,Male,Has relevent experience,Full time course,Graduate,STEM,3,,,1,43
city_160,0.92,,No relevent experience,Full time course,Graduate,STEM,3,,,1,34
city_103,0.92,Male,Has relevent experience,no_enrollment,Graduate,STEM,15,50-99,Funded Startup,2,31
city_21,0.624,,Has relevent experience,Full time course,Graduate,,6,10000+,Pvt Ltd,1,82
city_114,0.926,Male,No relevent experience,no_enrollment,Masters,Humanities,>20,10/49,Pvt Ltd,>4,47
city_20,0.7959999999999999,Female,Has relevent experience,no_enrollment,Graduate,STEM,>20,10000+,Pvt Ltd,2,79
city_103,0.92,Male,No relevent experience,Full time course,Graduate,STEM,12,,,never,92
city_21,0.624,,Has relevent experience,no_enrollment,Masters,STEM,5,,Pvt Ltd,1,45
city_70,0.698,,Has relevent experience,,,,>20,,,>4,33
city_21,0.624,Male,Has relevent experience,no_enrollment,Masters,STEM,8,50-99,Public Sector,4,33
city_160,0.92,Male,Has relevent experience,Full time course,Graduate,STEM,3,10000+,Pvt Ltd,1,64
city_136,0.897,Male,No relevent experience,Full time course,Masters,STEM,7,,,1,88
city_21,0.624,Male,Has relevent experience,no_enrollment,Graduate,STEM,>20,10000+,Pvt Ltd,never,74
city_159,0.843,Male,Has relevent experience,Full time course,Graduate,STEM,9,50-99,Funded Startup,1,40
city_70,0.698,Male,Has relevent experience,Full time course,Graduate,STEM,4,100-500,,2,124
city_160,0.92,,Has relevent experience,no_enrollment,Graduate,Business Degree,9,,,never,34
city_104,0.924,Male,Has relevent experience,no_enrollment,Phd,STEM,12,<10,Funded Startup,1,51
city_103,0.92,Male,Has relevent experience,no_enrollment,Graduate,STEM,12,50-99,Pvt Ltd,1,30
city_41,0.8270000000000001,Male,Has relevent experience,no_enrollment,Graduate,STEM,>20,1000-4999,Pvt Ltd,2,52
city_115,0.789,Male,No relevent experience,Full time course,Graduate,STEM,5,,,1,156
city_103,0.92,Male,Has relevent experience,no_enrollment,Graduate,Other,12,500-999,Funded Startup,1,121
city_71,0.884,Male,Has relevent experience,no_enrollment,Masters,STEM,15,50-99,Public Sector,1,46
city_103,0.92,Female,Has relevent experience,no_enrollment,Graduate,STEM,>20,10000+,Pvt Ltd,1,98
city_103,0.92,Other,No relevent experience,Part time course,Graduate,STEM,15,,Pvt Ltd,never,118
city_138,0.836,Female,No relevent experience,no_enrollment,Masters,STEM,6,500-999,Funded Startup,1,22
city_16,0.91,Female,Has relevent experience,Part time course,Graduate,No Major,16,<10,Pvt Ltd,1,45
city_21,0.624,,No relevent experience,no_enrollment,Primary School,,5,,Pvt Ltd,never,156
city_103,0.92,Male,Has relevent experience,Full time course,Graduate,STEM,7,5000-9999,Public Sector,2,68
city_21,0.624,,No relevent experience,Part time course,Masters,STEM,1,<10,Public Sector,,54
city_71,0.884,Male,No relevent experience,no_enrollment,Graduate,STEM,9,10000+,Pvt Ltd,4,20
city_103,0.92,Male,Has relevent experience,Full time course,Graduate,STEM,6,5000-9999,Public Sector,1,38
city_103,0.92,,Has relevent experience,no_enrollment,Graduate,No Major,4,,,1,2
city_103,0.92,Male,Has relevent experience,no_enrollment,Masters,STEM,14,10000+,Pvt Ltd,>4,16
city_103,0.92,Male,Has relevent experience,Part time course,Masters,STEM,15,1000-4999,Pvt Ltd,1,57
city_21,0.624,Male,No relevent experience,Full time course,Graduate,STEM,4,,Public Sector,never,44
city_149,0.6890000000000001,Male,Has relevent experience,no_enrollment,Graduate,STEM,10,<10,Pvt Ltd,never,34
city_103,0.92,Male,Has relevent experience,no_enrollment,Graduate,STEM,4,50-99,Pvt Ltd,1,132
city_21,0.624,Male,Has relevent experience,Full time course,Graduate,STEM,<1,100-500,Pvt Ltd,never,284
city_21,0.624,Male,Has relevent experience,no_enrollment,Graduate,STEM,9,10/49,Funded Startup,2,37
city_11,0.55,Male,Has relevent experience,no_enrollment,Graduate,STEM,8,100-500,Pvt Ltd,2,22
city_159,0.843,Male,Has relevent experience,Part time course,Graduate,STEM,6,<10,Pvt Ltd,1,24
city_160,0.92,Male,No relevent experience,no_enrollment,Graduate,Humanities,17,100-500,,4,34
city_72,0.795,Male,Has relevent experience,no_enrollment,Graduate,STEM,11,,,2,28
city_78,0.579,Male,Has relevent experience,Full time course,High School,,3,,,1,244
city_104,0.924,Male,Has relevent experience,no_enrollment,Phd,Other,>20,10000+,Pvt Ltd,>4,12
city_100,0.887,Male,No relevent experience,Full time course,Graduate,STEM,3,<10,Funded Startup,1,10
city_16,0.91,Male,No relevent experience,Full time course,Graduate,STEM,5,,,4,10
city_74,0.579,,No relevent experience,Full time course,Graduate,STEM,1,,,1,16
city_162,0.767,,Has relevent experience,no_enrollment,High School,,>20,50-99,Pvt Ltd,,102
city_114,0.926,Male,Has relevent experience,no_enrollment,Masters,STEM,7,100-500,Pvt Ltd,1,43
city_114,0.926,,No relevent experience,Full time course,Graduate,STEM,5,10000+,Pvt Ltd,1,8
city_103,0.92,,No relevent experience,no_enrollment,Graduate,Arts,,,Pvt Ltd,3,34
city_102,0.804,Male,Has relevent experience,no_enrollment,Graduate,STEM,14,,,1,21
city_65,0.802,Male,Has relevent experience,no_enrollment,Masters,STEM,11,100-500,Pvt Ltd,1,7
city_103,0.92,Male,Has relevent experience,no_enrollment,Masters,STEM,18,1000-4999,Pvt Ltd,1,111
city_160,0.92,Male,Has relevent experience,Part time course,Graduate,STEM,4,50-99,Pvt Ltd,1,62
city_103,0.92,Male,Has relevent experience,no_enrollment,Masters,STEM,>20,1000-4999,Pvt Ltd,1,36
city_21,0.624,,Has relevent experience,Full time course,Masters,STEM,2,50-99,Pvt Ltd,1,8
city_16,0.91,Male,Has relevent experience,no_enrollment,High School,,5,,,never,156
city_67,0.855,Male,Has relevent experience,Part time course,High School,,16,10/49,Pvt Ltd,1,182
city_21,0.624,Male,Has relevent experience,Full time course,Masters,STEM,1,500-999,Pvt Ltd,1,20
city_21,0.624,Male,Has relevent experience,no_enrollment,Masters,STEM,5,10000+,,1,194
city_160,0.92,Male,Has relevent experience,no_enrollment,Masters,Humanities,>20,10/49,NGO,>4,278
city_46,0.762,Male,No relevent experience,Part time course,Graduate,STEM,5,,,1,32
city_103,0.92,Male,Has relevent experience,no_enrollment,Graduate,STEM,10,10000+,Public Sector,>4,166
city_73,0.754,Male,Has relevent experience,no_enrollment,Masters,STEM,8,,,1,50
city_21,0.624,Male,Has relevent experience,no_enrollment,Graduate,STEM,10,50-99,Pvt Ltd,1,46
city_152,0.698,,No relevent experience,no_enrollment,High School,,3,,Pvt Ltd,never,202
city_136,0.897,Male,Has relevent experience,no_enrollment,Masters,STEM,7,<10,Early Stage Startup,1,12
city_100,0.887,Male,Has relevent experience,no_enrollment,High School,,3,50-99,Pvt Ltd,1,26
city_16,0.91,Female,Has relevent experience,no_enrollment,Graduate,STEM,1,500-999,Pvt Ltd,1,46
city_103,0.92,Male,Has relevent experience,no_enrollment,Graduate,STEM,7,10000+,Pvt Ltd,1,86
city_160,0.92,Male,Has relevent experience,Full time course,High School,,3,50-99,Funded Startup,1,264
city_90,0.698,Male,Has relevent experience,Full time course,Graduate,STEM,10,,,>4,206
city_21,0.624,Male,Has relevent experience,Full time course,Graduate,STEM,5,500-999,Pvt Ltd,4,12
city_114,0.926,Male,Has relevent experience,no_enrollment,Graduate,STEM,>20,<10,Pvt Ltd,1,24
city_114,0.926,Male,Has relevent experience,no_enrollment,Graduate,STEM,3,50-99,Early Stage Startup,1,88
city_103,0.92,Male,Has relevent experience,no_enrollment,Masters,STEM,13,50-99,Pvt Ltd,>4,36
city_103,0.92,,Has relevent experience,no_enrollment,Graduate,STEM,15,10000+,Pvt Ltd,>4,150
city_64,0.6659999999999999,Male,Has relevent experience,no_enrollment,Graduate,STEM,14,50-99,Pvt Ltd,4,31
city_16,0.91,Male,No relevent experience,no_enrollment,Graduate,STEM,2,50-99,NGO,1,90
city_123,0.738,,Has relevent experience,Full time course,Graduate,STEM,8,100-500,Pvt Ltd,1,4
city_67,0.855,Male,Has relevent experience,no_enrollment,Masters,STEM,6,10000+,Pvt Ltd,3,37
city_21,0.624,,Has relevent experience,no_enrollment,Graduate,STEM,3,10/49,Pvt Ltd,2,23
city_67,0.855,Male,Has relevent experience,no_enrollment,Graduate,STEM,4,50-99,Public Sector,3,158
city_136,0.897,Male,No relevent experience,Part time course,Graduate,STEM,3,,,1,78
city_21,0.624,Male,Has relevent experience,no_enrollment,Graduate,STEM,11,,,>4,8
city_50,0.8959999999999999,Male,Has relevent experience,no_enrollment,High School,,14,,Pvt Ltd,1,14
city_103,0.92,Female,Has relevent experience,no_enrollment,Graduate,STEM,6,10000+,Pvt Ltd,1,21
city_21,0.624,Female,Has relevent experience,no_enrollment,Graduate,STEM,2,10000+,Pvt Ltd,never,44
city_21,0.624,Male,No relevent experience,Full time course,Masters,STEM,6,,,never,15
city_16,0.91,Male,No relevent experience,no_enrollment,Graduate,STEM,>20,50-99,Pvt Ltd,>4,278
city_160,0.92,Male,Has relevent experience,no_enrollment,Graduate,STEM,6,1000-4999,Public Sector,1,26
city_101,0.5579999999999999,,No relevent experience,no_enrollment,Graduate,STEM,3,50-99,Pvt Ltd,1,27
city_73,0.754,Male,Has relevent experience,no_enrollment,Masters,STEM,13,10/49,Early Stage Startup,2,54
city_99,0.915,,Has relevent experience,no_enrollment,Graduate,STEM,5,10/49,,1,22
city_100,0.887,Male,Has relevent experience,no_enrollment,Graduate,STEM,5,10000+,Pvt Ltd,1,222
city_16,0.91,Male,Has relevent experience,no_enrollment,Masters,STEM,16,1000-4999,Pvt Ltd,2,104
city_21,0.624,,Has relevent experience,no_enrollment,Masters,STEM,4,,,4,68
city_16,0.91,Male,Has relevent experience,no_enrollment,Masters,STEM,>20,,,1,43
city_73,0.754,Male,Has relevent experience,no_enrollment,Graduate,STEM,16,,,1,30
city_73,0.754,Male,Has relevent experience,Part time course,Graduate,STEM,6,100-500,Pvt Ltd,1,106
city_103,0.92,,No relevent experience,Full time course,Graduate,STEM,2,<10,Pvt Ltd,1,57
city_160,0.92,,Has relevent experience,no_enrollment,Graduate,STEM,6,10000+,Pvt Ltd,never,34
city_103,0.92,Male,No relevent experience,no_enrollment,Primary School,,<1,,,never,25
city_103,0.92,,Has relevent experience,no_enrollment,Graduate,Humanities,3,,,,4
city_16,0.91,Male,Has relevent experience,no_enrollment,Masters,Humanities,4,10000+,Pvt Ltd,1,21
city_71,0.884,Male,Has relevent experience,Part time course,Graduate,STEM,17,50-99,Pvt Ltd,2,4
city_136,0.897,Male,Has relevent experience,no_enrollment,Masters,STEM,5,10000+,Pvt Ltd,1,100
city_136,0.897,Male,Has relevent experience,no_enrollment,Masters,STEM,19,500-999,Pvt Ltd,4,88
city_103,0.92,Male,Has relevent experience,no_enrollment,Graduate,STEM,16,10000+,Pvt Ltd,1,48
city_21,0.624,,Has relevent experience,no_enrollment,Graduate,STEM,2,10/49,Pvt Ltd,2,80
city_103,0.92,Male,Has relevent experience,no_enrollment,Graduate,STEM,>20,500-999,,2,55
city_21,0.624,,Has relevent experience,no_enrollment,Graduate,STEM,>20,,,>4,69
city_28,0.939,Male,Has relevent experience,no_enrollment,Graduate,STEM,>20,<10,Pvt Ltd,>4,24
city_103,0.92,Male,Has relevent experience,no_enrollment,Graduate,Other,>20,,,4,20
city_50,0.8959999999999999,Female,Has relevent experience,Full time course,Graduate,STEM,4,10/49,Pvt Ltd,1,23
city_103,0.92,Male,No relevent experience,Full time course,High School,,6,,NGO,never,56
city_101,0.5579999999999999,,Has relevent experience,Full time course,Graduate,STEM,6,10/49,Public Sector,2,51
city_103,0.92,,Has relevent experience,no_enrollment,Graduate,STEM,8,,,1,172
city_75,0.939,,No relevent experience,no_enrollment,Masters,STEM,>20,10000+,Public Sector,>4,13
city_160,0.92,Male,Has relevent experience,no_enrollment,Graduate,STEM,17,10000+,Pvt Ltd,1,10
city_103,0.92,Male,Has relevent experience,no_enrollment,Graduate,No Major,15,500-999,Public Sector,1,109
city_114,0.926,Male,Has relevent experience,no_enrollment,Graduate,STEM,14,100-500,Funded Startup,1,32
city_67,0.855,Male,Has relevent experience,Part time course,Graduate,STEM,3,5000-9999,Pvt Ltd,2,15
city_40,0.7759999999999999,Male,Has relevent experience,no_enrollment,Graduate,No Major,6,<10,Pvt Ltd,3,144
city_21,0.624,Male,Has relevent experience,no_enrollment,Graduate,STEM,11,,,1,12
city_20,0.7959999999999999,Male,Has relevent experience,Full time course,Graduate,Arts,9,,Funded Startup,1,29
city_103,0.92,,Has relevent experience,no_enrollment,Graduate,STEM,6,500-999,Pvt Ltd,2,224
city_105,0.794,Male,Has relevent experience,Full time course,High School,,5,<10,Pvt Ltd,1,91
city_21,0.624,Male,Has relevent experience,no_enrollment,Graduate,STEM,3,100-500,Pvt Ltd,1,67
city_160,0.92,Male,Has relevent experience,no_enrollment,Graduate,STEM,15,100-500,,1,21
city_117,0.698,Male,No relevent experience,no_enrollment,Graduate,STEM,4,,,never,21
city_139,0.487,Male,No relevent experience,no_enrollment,Graduate,STEM,2,,,1,96
city_45,0.89,,No relevent experience,no_enrollment,Graduate,STEM,5,1000-4999,Pvt Ltd,never,29
city_21,0.624,,No relevent experience,no_enrollment,Graduate,STEM,5,10/49,Pvt Ltd,1,168
city_136,0.897,Male,Has relevent experience,no_enrollment,Masters,STEM,6,,Pvt Ltd,1,35
city_19,0.682,Male,No relevent experience,no_enrollment,Graduate,STEM,5,,,1,80
city_21,0.624,Male,Has relevent experience,no_enrollment,Graduate,STEM,4,50-99,Public Sector,2,33
city_103,0.92,Male,Has relevent experience,no_enrollment,Graduate,STEM,>20,,Public Sector,1,142
city_103,0.92,Male,Has relevent experience,no_enrollment,Masters,STEM,2,100-500,Pvt Ltd,1,22
city_16,0.91,Male,Has relevent experience,no_enrollment,Graduate,STEM,10,1000-4999,Pvt Ltd,2,51
city_23,0.899,Male,Has relevent experience,no_enrollment,Graduate,STEM,>20,50-99,Funded Startup,1,6
city_103,0.92,Male,No relevent experience,no_enrollment,Graduate,STEM,3,,,1,184
city_143,0.74,,Has relevent experience,no_enrollment,Graduate,STEM,6,50-99,Pvt Ltd,2,44
city_16,0.91,Male,Has relevent experience,no_enrollment,Masters,Other,5,1000-4999,Public Sector,1,50
city_114,0.926,,Has relevent experience,no_enrollment,Masters,STEM,16,,,1,84
city_102,0.804,Male,Has relevent experience,no_enrollment,Graduate,STEM,>20,50-99,Pvt Ltd,>4,67
city_114,0.926,Male,Has relevent experience,no_enrollment,High School,,16,<10,Pvt Ltd,never,66
city_73,0.754,Male,Has relevent experience,no_enrollment,Graduate,STEM,9,100-500,Pvt Ltd,1,96
city_90,0.698,,Has relevent experience,,Masters,STEM,10,1000-4999,NGO,2,30
city_21,0.624,,Has relevent experience,no_enrollment,Masters,STEM,1,100-500,Pvt Ltd,1,32
city_16,0.91,Male,No relevent experience,no_enrollment,Primary School,,2,,,never,12
city_180,0.698,,No relevent experience,Full time course,Graduate,STEM,1,,,1,77
city_114,0.926,Male,Has relevent experience,Part time course,High School,,15,50-99,Pvt Ltd,3,72
city_103,0.92,,Has relevent experience,Full time course,Graduate,STEM,5,1000-4999,NGO,1,54
city_136,0.897,,Has relevent experience,no_enrollment,Masters,STEM,8,5000-9999,NGO,1,102
city_160,0.92,Male,Has relevent experience,no_enrollment,High School,,5,50-99,,1,133
city_175,0.7759999999999999,Male,No relevent experience,Full time course,Graduate,STEM,3,100-500,Pvt Ltd,1,41
city_100,0.887,,Has relevent experience,no_enrollment,Graduate,STEM,17,50-99,,>4,23
city_16,0.91,Male,Has relevent experience,no_enrollment,High School,,11,10000+,Pvt Ltd,>4,42
city_21,0.624,,Has relevent experience,no_enrollment,Graduate,Other,12,50-99,Pvt Ltd,>4,25
city_103,0.92,Male,Has relevent experience,no_enrollment,Graduate,STEM,7,100-500,Pvt Ltd,1,9
city_21,0.624,,No relevent experience,no_enrollment,Graduate,No Major,15,,,never,18
city_160,0.92,Male,Has relevent experience,no_enrollment,Graduate,STEM,>20,,,3,48
city_114,0.926,Male,Has relevent experience,no_enrollment,Graduate,STEM,15,500-999,Pvt Ltd,>4,56
city_103,0.92,Male,No relevent experience,no_enrollment,Graduate,Humanities,3,50-99,Pvt Ltd,1,58
city_103,0.92,Female,Has relevent experience,Part time course,Graduate,STEM,8,10000+,Pvt Ltd,1,43
city_16,0.91,Male,No relevent experience,Full time course,High School,,1,,,1,298
city_116,0.743,Male,Has relevent experience,Full time course,High School,,1,,Public Sector,1,3
city_103,0.92,Male,Has relevent experience,no_enrollment,Graduate,STEM,14,1000-4999,Pvt Ltd,1,11
city_103,0.92,Female,Has relevent experience,no_enrollment,Graduate,STEM,3,50-99,Pvt Ltd,1,42
city_123,0.738,Male,No relevent experience,no_enrollment,Graduate,STEM,2,,,never,13
city_50,0.8959999999999999,Male,No relevent experience,Full time course,Graduate,STEM,6,,,1,63
city_65,0.802,Male,Has relevent experience,no_enrollment,Masters,STEM,>20,<10,Pvt Ltd,3,30
city_99,0.915,Male,Has relevent experience,no_enrollment,Graduate,STEM,>20,,,>4,117
city_103,0.92,Male,Has relevent experience,no_enrollment,Masters,STEM,>20,50-99,Pvt Ltd,>4,21
city_162,0.767,Male,Has relevent experience,Full time course,Masters,STEM,15,100-500,Pvt Ltd,>4,59
city_7,0.647,,Has relevent experience,no_enrollment,Masters,STEM,9,50-99,Pvt Ltd,1,130
city_102,0.804,Male,Has relevent experience,no_enrollment,High School,,12,,Pvt Ltd,1,20
city_46,0.762,Male,Has relevent experience,no_enrollment,Graduate,STEM,>20,100-500,Pvt Ltd,1,48
city_173,0.878,Male,Has relevent experience,no_enrollment,Masters,STEM,19,1000-4999,Pvt Ltd,>4,56
city_103,0.92,Male,Has relevent experience,no_enrollment,Graduate,STEM,>20,100-500,Funded Startup,1,6
city_103,0.92,Male,No relevent experience,no_enrollment,High School,,5,,,never,144
city_116,0.743,Male,No relevent experience,no_enrollment,Masters,STEM,8,10000+,,1,48
city_28,0.939,Male,No relevent experience,Full time course,High School,,2,,,never,46
city_46,0.762,Male,Has relevent experience,no_enrollment,Graduate,STEM,4,<10,Funded Startup,2,68
city_102,0.804,Male,No relevent experience,no_enrollment,High School,,4,,Pvt Ltd,never,94
city_103,0.92,Male,Has relevent experience,no_enrollment,Masters,STEM,17,50-99,Pvt Ltd,1,23
city_103,0.92,Male,Has relevent experience,no_enrollment,Graduate,STEM,5,1000-4999,Pvt Ltd,3,76
city_114,0.926,Male,Has relevent experience,Part time course,Graduate,STEM,15,<10,Pvt Ltd,>4,83
city_21,0.624,,Has relevent experience,Part time course,Masters,STEM,3,500-999,Pvt Ltd,1,55
city_160,0.92,Male,Has relevent experience,no_enrollment,Graduate,STEM,>20,500-999,Public Sector,>4,94
city_114,0.926,Male,No relevent experience,no_enrollment,High School,,6,<10,Funded Startup,2,182
city_103,0.92,Male,Has relevent experience,Part time course,Masters,Humanities,12,5000-9999,NGO,1,30
city_160,0.92,Male,Has relevent experience,Full time course,Graduate,STEM,15,50-99,Pvt Ltd,>4,16
city_103,0.92,Male,Has relevent experience,no_enrollment,Masters,STEM,10,,Pvt Ltd,>4,10
city_50,0.8959999999999999,Male,Has relevent experience,no_enrollment,Graduate,STEM,11,50-99,Pvt Ltd,>4,282
city_103,0.92,Male,No relevent experience,no_enrollment,Graduate,STEM,>20,,,1,11
city_116,0.743,Male,No relevent experience,Full time course,Graduate,STEM,4,,,,128
city_21,0.624,,No relevent experience,Full time course,Graduate,STEM,<1,100-500,Pvt Ltd,1,83
city_104,0.924,Male,Has relevent experience,Full time course,Graduate,STEM,9,,,>4,45
city_16,0.91,Male,Has relevent experience,no_enrollment,Masters,STEM,8,50-99,Pvt Ltd,>4,100
city_103,0.92,Male,No relevent experience,no_enrollment,Graduate,STEM,10,50-99,,4,30
city_103,0.92,Male,Has relevent experience,no_enrollment,Graduate,STEM,>20,50-99,Funded Startup,2,22
city_160,0.92,Male,No relevent experience,no_enrollment,Primary School,,3,,,1,17
city_103,0.92,Male,Has relevent experience,Part time course,Graduate,STEM,7,1000-4999,Pvt Ltd,1,50
city_142,0.727,Male,Has relevent experience,no_enrollment,Graduate,STEM,10,100-500,Pvt Ltd,2,282
city_75,0.939,Male,Has relevent experience,no_enrollment,Masters,STEM,7,,,1,16
city_13,0.8270000000000001,Male,No relevent experience,no_enrollment,Masters,STEM,7,<10,,1,44
city_89,0.925,Male,No relevent experience,Full time course,High School,,7,,Pvt Ltd,never,47
city_103,0.92,Male,Has relevent experience,no_enrollment,,,6,,,2,62
city_114,0.926,,Has relevent experience,no_enrollment,Masters,STEM,20,100-500,Other,2,4
city_173,0.878,Male,No relevent experience,no_enrollment,High School,,16,100-500,Funded Startup,>4,32
city_160,0.92,Male,Has relevent experience,no_enrollment,Graduate,STEM,>20,,,>4,84
city_104,0.924,,Has relevent experience,no_enrollment,Graduate,STEM,11,10000+,Pvt Ltd,1,43
city_21,0.624,Male,Has relevent experience,no_enrollment,Masters,STEM,2,100-500,Pvt Ltd,2,149
city_21,0.624,Male,Has relevent experience,no_enrollment,Masters,STEM,3,10/49,,1,64
city_103,0.92,Male,Has relevent experience,no_enrollment,Masters,STEM,>20,50-99,Funded Startup,>4,119
city_103,0.92,,Has relevent experience,no_enrollment,Graduate,STEM,9,100-500,Pvt Ltd,2,75
city_114,0.926,,No relevent experience,Full time course,Graduate,STEM,8,,,never,9
city_50,0.8959999999999999,Male,No relevent experience,no_enrollment,Masters,STEM,>20,,,>4,26
city_16,0.91,,Has relevent experience,no_enrollment,Masters,Other,10,100-500,Pvt Ltd,1,43
city_65,0.802,Female,Has relevent experience,no_enrollment,Graduate,STEM,8,100-500,Pvt Ltd,2,22
city_11,0.55,,No relevent experience,Full time course,Graduate,STEM,2,,,never,12
city_103,0.92,Male,Has relevent experience,no_enrollment,Masters,STEM,>20,50-99,Pvt Ltd,>4,45
city_10,0.895,Male,Has relevent experience,no_enrollment,High School,,12,50-99,Pvt Ltd,1,37
city_21,0.624,Male,Has relevent experience,no_enrollment,Masters,STEM,4,50-99,Pvt Ltd,never,54
city_101,0.5579999999999999,Male,Has relevent experience,Full time course,Graduate,STEM,1,10/49,Pvt Ltd,1,64
city_103,0.92,Male,Has relevent experience,no_enrollment,Graduate,Other,>20,100-500,Pvt Ltd,>4,33
city_75,0.939,Male,Has relevent experience,no_enrollment,Graduate,STEM,11,10/49,,1,46
city_21,0.624,Male,Has relevent experience,no_enrollment,Graduate,STEM,9,50-99,Funded Startup,2,118
city_103,0.92,,Has relevent experience,no_enrollment,Graduate,STEM,8,500-999,Pvt Ltd,2,300
city_103,0.92,,No relevent experience,no_enrollment,High School,,8,<10,Pvt Ltd,1,46
city_21,0.624,Male,Has relevent experience,no_enrollment,Graduate,STEM,2,10000+,Pvt Ltd,2,28
city_136,0.897,Male,Has relevent experience,no_enrollment,Phd,STEM,>20,1000-4999,Public Sector,never,29
city_21,0.624,Male,No relevent experience,no_enrollment,Graduate,STEM,3,100-500,NGO,1,39
city_114,0.926,,Has relevent experience,no_enrollment,High School,,17,50-99,Pvt Ltd,>4,48
city_136,0.897,,No relevent experience,Full time course,High School,,4,,,never,182
city_103,0.92,Male,Has relevent experience,no_enrollment,Graduate,STEM,19,10000+,Pvt Ltd,>4,90
city_160,0.92,Male,No relevent experience,Full time course,Graduate,STEM,2,,,1,19
city_41,0.8270000000000001,,No relevent experience,no_enrollment,High School,,6,,,never,21
city_21,0.624,Male,Has relevent experience,,Masters,STEM,9,50-99,Funded Startup,1,23
city_99,0.915,Male,No relevent experience,no_enrollment,Masters,STEM,15,1000-4999,Public Sector,never,28
city_103,0.92,Male,Has relevent experience,no_enrollment,Graduate,STEM,4,50-99,Early Stage Startup,1,145
city_71,0.884,Male,No relevent experience,Full time course,Graduate,STEM,5,,,1,70
city_23,0.899,,Has relevent experience,no_enrollment,Graduate,STEM,3,50-99,Pvt Ltd,2,39
city_103,0.92,Male,Has relevent experience,no_enrollment,Graduate,Other,>20,,,1,9
city_103,0.92,Male,No relevent experience,no_enrollment,Graduate,Other,>20,100-500,Funded Startup,3,23
city_16,0.91,Male,No relevent experience,Full time course,Masters,STEM,13,,,3,17
city_136,0.897,Male,Has relevent experience,no_enrollment,Masters,STEM,6,,,1,18
city_16,0.91,Male,Has relevent experience,no_enrollment,Graduate,STEM,10,50-99,Pvt Ltd,3,32
city_103,0.92,Male,Has relevent experience,no_enrollment,Graduate,STEM,>20,,,1,50
city_149,0.6890000000000001,Male,Has relevent experience,Full time course,Masters,STEM,17,50-99,NGO,>4,105
city_21,0.624,Male,Has relevent experience,no_enrollment,Graduate,STEM,3,10000+,Pvt Ltd,1,13
city_73,0.754,Male,Has relevent experience,no_enrollment,Graduate,STEM,8,100-500,Pvt Ltd,2,102
city_27,0.848,Male,No relevent experience,no_enrollment,Graduate,STEM,>20,,,1,54
city_103,0.92,Male,Has relevent experience,no_enrollment,Masters,STEM,18,10000+,Pvt Ltd,1,45
city_103,0.92,Male,Has relevent experience,no_enrollment,Phd,STEM,14,50-99,Funded Startup,1,4
city_21,0.624,,Has relevent experience,Full time course,Masters,STEM,10,50-99,Pvt Ltd,2,4
city_103,0.92,Male,Has relevent experience,no_enrollment,Graduate,STEM,10,100-500,Pvt Ltd,4,26
city_75,0.939,,No relevent experience,no_enrollment,Graduate,STEM,17,,,>4,194
city_157,0.769,Male,Has relevent experience,no_enrollment,Masters,STEM,9,10/49,Pvt Ltd,1,86
city_103,0.92,Male,No relevent experience,no_enrollment,,,3,,,never,72
city_102,0.804,Male,Has relevent experience,no_enrollment,Masters,STEM,>20,500-999,Pvt Ltd,4,100
city_21,0.624,,No relevent experience,Full time course,,,1,,Pvt Ltd,never,45
city_160,0.92,Male,Has relevent experience,no_enrollment,Graduate,STEM,19,10000+,Pvt Ltd,>4,184
city_21,0.624,Male,Has relevent experience,no_enrollment,Masters,STEM,5,1000-4999,Pvt Ltd,3,44
city_114,0.926,Male,Has relevent experience,no_enrollment,Graduate,STEM,16,50-99,Pvt Ltd,>4,46
city_114,0.926,,No relevent experience,no_enrollment,High School,,<1,,,1,3
city_103,0.92,Male,Has relevent experience,no_enrollment,Graduate,STEM,>20,,,4,61
city_73,0.754,Male,Has relevent experience,no_enrollment,Graduate,STEM,8,100-500,,4,40
city_103,0.92,Male,Has relevent experience,no_enrollment,Graduate,STEM,9,10000+,Pvt Ltd,>4,30
city_21,0.624,,Has relevent experience,Part time course,Masters,STEM,12,100-500,Public Sector,1,105
city_103,0.92,Male,Has relevent experience,no_enrollment,Graduate,STEM,>20,100-500,Pvt Ltd,>4,29
city_67,0.855,Male,Has relevent experience,Full time course,Graduate,STEM,10,,,>4,16
city_73,0.754,Male,Has relevent experience,Full time course,Graduate,STEM,8,,,2,90
city_21,0.624,,Has relevent experience,no_enrollment,Graduate,STEM,3,50-99,Funded Startup,1,13
city_21,0.624,Male,Has relevent experience,Full time course,Masters,STEM,6,50-99,Pvt Ltd,2,103
city_90,0.698,Male,Has relevent experience,no_enrollment,Masters,STEM,14,,,2,10
city_103,0.92,Male,Has relevent experience,no_enrollment,Masters,STEM,18,10000+,Pvt Ltd,1,22
city_114,0.926,,Has relevent experience,no_enrollment,Masters,STEM,7,1000-4999,Pvt Ltd,1,22
city_136,0.897,Female,No relevent experience,Part time course,Graduate,STEM,3,10/49,Pvt Ltd,1,15
city_70,0.698,Male,No relevent experience,Full time course,High School,,3,<10,Early Stage Startup,never,67
city_103,0.92,Male,Has relevent experience,no_enrollment,Graduate,STEM,>20,100-500,Pvt Ltd,3,2
city_114,0.926,Male,No relevent experience,no_enrollment,High School,,4,,,never,29
city_21,0.624,Male,No relevent experience,Full time course,High School,,1,,,never,26
city_21,0.624,,Has relevent experience,no_enrollment,Graduate,STEM,5,100-500,Pvt Ltd,2,86
city_102,0.804,Male,Has relevent experience,no_enrollment,Graduate,STEM,11,,,1,96
city_36,0.893,Male,Has relevent experience,no_enrollment,Masters,STEM,17,50-99,Pvt Ltd,>4,85
city_16,0.91,,Has relevent experience,Full time course,Graduate,STEM,2,,,,14
city_114,0.926,,No relevent experience,no_enrollment,High School,,<1,,,,57
city_19,0.682,,No relevent experience,no_enrollment,Graduate,STEM,4,,,1,34
city_21,0.624,Female,No relevent experience,Full time course,Graduate,STEM,4,,,never,102
city_160,0.92,Male,Has relevent experience,no_enrollment,Graduate,STEM,20,10000+,Other,>4,45
city_21,0.624,Male,Has relevent experience,no_enrollment,Graduate,STEM,4,<10,Pvt Ltd,1,80
city_73,0.754,Male,Has relevent experience,no_enrollment,Graduate,STEM,7,100-500,Pvt Ltd,3,100
city_67,0.855,,Has relevent experience,Full time course,Graduate,STEM,3,,,1,2
city_103,0.92,Male,Has relevent experience,no_enrollment,Graduate,STEM,15,100-500,Pvt Ltd,3,50
city_103,0.92,Male,Has relevent experience,no_enrollment,Graduate,STEM,11,10000+,Pvt Ltd,2,51
city_100,0.887,Male,Has relevent experience,no_enrollment,Masters,STEM,>20,,,3,31
city_21,0.624,Male,No relevent experience,no_enrollment,Graduate,STEM,<1,,,2,67
city_19,0.682,Male,No relevent experience,Full time course,Graduate,STEM,<1,,,1,21
city_103,0.92,Other,Has relevent experience,no_enrollment,Graduate,Arts,2,500-999,,1,96
city_21,0.624,Male,No relevent experience,no_enrollment,,,2,,,never,20
city_160,0.92,Male,Has relevent experience,no_enrollment,Graduate,Arts,3,,,1,28
city_21,0.624,Male,Has relevent experience,no_enrollment,Graduate,STEM,6,10000+,Pvt Ltd,1,114
city_74,0.579,Male,Has relevent experience,no_enrollment,,,5,,,1,4
city_173,0.878,Male,Has relevent experience,no_enrollment,Graduate,STEM,5,50-99,Pvt Ltd,3,100
city_101,0.5579999999999999,Male,Has relevent experience,Full time course,Graduate,STEM,4,<10,,2,19
city_21,0.624,,No relevent experience,Full time course,Graduate,STEM,6,,,never,12
city_83,0.923,Male,No relevent experience,no_enrollment,Graduate,Business Degree,3,1000-4999,Pvt Ltd,1,51
city_21,0.624,Male,Has relevent experience,no_enrollment,Graduate,STEM,7,,Pvt Ltd,1,69
city_98,0.949,,Has relevent experience,no_enrollment,Masters,STEM,>20,,,>4,70
city_149,0.6890000000000001,Male,No relevent experience,no_enrollment,High School,,3,,,never,33
city_21,0.624,,Has relevent experience,Full time course,Graduate,STEM,4,50-99,Pvt Ltd,4,111
city_24,0.698,Male,Has relevent experience,no_enrollment,Graduate,Other,2,1000-4999,Pvt Ltd,1,23
city_21,0.624,,No relevent experience,Full time course,High School,,7,,,never,46
city_103,0.92,Male,Has relevent experience,no_enrollment,Graduate,STEM,12,10/49,,4,18
city_103,0.92,Male,Has relevent experience,no_enrollment,Graduate,STEM,>20,1000-4999,Pvt Ltd,1,72
city_103,0.92,,Has relevent experience,no_enrollment,Graduate,STEM,18,,,1,59
city_73,0.754,Male,Has relevent experience,no_enrollment,Masters,STEM,19,100-500,Pvt Ltd,>4,74
city_11,0.55,Male,Has relevent experience,no_enrollment,Graduate,STEM,15,1000-4999,Pvt Ltd,3,165
city_114,0.926,Male,Has relevent experience,no_enrollment,Graduate,STEM,6,10/49,Pvt Ltd,>4,24
city_16,0.91,Male,Has relevent experience,no_enrollment,Masters,STEM,>20,,,2,324
city_65,0.802,Male,Has relevent experience,no_enrollment,Masters,STEM,4,100-500,Pvt Ltd,1,26
city_97,0.925,Male,No relevent experience,Full time course,Graduate,STEM,3,,,never,16
city_160,0.92,Male,No relevent experience,no_enrollment,Graduate,STEM,4,,,1,155
city_160,0.92,Male,Has relevent experience,Full time course,Graduate,STEM,3,1000-4999,Pvt Ltd,1,29
city_114,0.926,Male,Has relevent experience,no_enrollment,Graduate,Other,15,1000-4999,Pvt Ltd,1,145
city_75,0.939,,Has relevent experience,no_enrollment,Graduate,STEM,16,500-999,Pvt Ltd,2,100
city_16,0.91,,Has relevent experience,no_enrollment,Graduate,STEM,11,50-99,Pvt Ltd,3,43
city_103,0.92,Male,Has relevent experience,no_enrollment,Phd,STEM,18,10/49,Early Stage Startup,1,174
city_160,0.92,Male,No relevent experience,no_enrollment,Graduate,Business Degree,1,5000-9999,Pvt Ltd,1,48
city_67,0.855,Male,Has relevent experience,no_enrollment,High School,,5,10/49,Pvt Ltd,2,56
city_16,0.91,Male,Has relevent experience,no_enrollment,Graduate,STEM,16,10/49,Pvt Ltd,>4,15
city_7,0.647,Male,Has relevent experience,no_enrollment,Graduate,STEM,13,1000-4999,Pvt Ltd,1,41
city_90,0.698,Male,Has relevent experience,no_enrollment,Graduate,STEM,15,,,2,102
city_101,0.5579999999999999,,Has relevent experience,no_enrollment,Graduate,STEM,1,50-99,Pvt Ltd,1,33
city_73,0.754,,Has relevent experience,no_enrollment,Graduate,STEM,17,50-99,Pvt Ltd,4,83
city_117,0.698,,No relevent experience,Full time course,High School,,1,,,1,67
city_71,0.884,Female,Has relevent experience,no_enrollment,Graduate,STEM,4,10000+,Pvt Ltd,1,312
city_133,0.742,Male,Has relevent experience,no_enrollment,Graduate,STEM,7,50-99,Pvt Ltd,1,127
city_152,0.698,Male,Has relevent experience,no_enrollment,Graduate,STEM,13,10/49,Early Stage Startup,1,28
city_80,0.847,Other,No relevent experience,no_enrollment,Graduate,STEM,<1,<10,Pvt Ltd,1,40
city_61,0.913,Male,Has relevent experience,no_enrollment,Masters,STEM,>20,,,never,16
city_16,0.91,Male,Has relevent experience,no_enrollment,Graduate,STEM,8,100-500,Pvt Ltd,1,15
city_21,0.624,Male,No relevent experience,Full time course,Graduate,STEM,10,,,never,24
city_73,0.754,Male,Has relevent experience,no_enrollment,Graduate,STEM,7,100-500,Pvt Ltd,1,3
city_103,0.92,Male,Has relevent experience,no_enrollment,Graduate,STEM,7,500-999,Pvt Ltd,2,200
city_21,0.624,Male,Has relevent experience,,Masters,STEM,14,1000-4999,Pvt Ltd,4,56
city_67,0.855,Male,No relevent experience,no_enrollment,Masters,STEM,6,<10,Pvt Ltd,>4,246
city_162,0.767,,Has relevent experience,Part time course,Masters,STEM,6,50-99,Pvt Ltd,2,79
city_27,0.848,Male,Has relevent experience,no_enrollment,Graduate,STEM,12,<10,Funded Startup,>4,4
city_103,0.92,Female,Has relevent experience,no_enrollment,Masters,Humanities,2,10000+,NGO,1,56
city_136,0.897,,No relevent experience,Full time course,Graduate,STEM,2,,,1,29
city_103,0.92,Male,Has relevent experience,no_enrollment,Graduate,STEM,>20,10000+,Pvt Ltd,2,134
city_136,0.897,Male,Has relevent experience,no_enrollment,Masters,STEM,14,50-99,Funded Startup,3,72
city_123,0.738,Male,No relevent experience,Full time course,Masters,Other,4,,Pvt Ltd,never,68
city_103,0.92,Male,No relevent experience,Full time course,Graduate,STEM,7,,,never,45
city_104,0.924,,No relevent experience,Full time course,High School,,5,,,never,58
city_71,0.884,Male,Has relevent experience,no_enrollment,Graduate,No Major,1,,,1,62
city_83,0.923,Female,Has relevent experience,no_enrollment,Masters,STEM,12,50-99,Pvt Ltd,1,81
city_93,0.865,Male,Has relevent experience,no_enrollment,Graduate,STEM,10,50-99,Pvt Ltd,2,142
city_103,0.92,Male,Has relevent experience,no_enrollment,Masters,STEM,4,10000+,Pvt Ltd,1,57
city_11,0.55,,No relevent experience,Full time course,Masters,STEM,2,<10,NGO,1,14
city_103,0.92,Male,Has relevent experience,no_enrollment,Phd,STEM,>20,10/49,Funded Startup,1,202
city_103,0.92,,Has relevent experience,no_enrollment,Graduate,Arts,17,10000+,Pvt Ltd,4,59
city_21,0.624,Male,Has relevent experience,no_enrollment,Graduate,Other,4,100-500,Funded Startup,2,127
city_16,0.91,,Has relevent experience,no_enrollment,Phd,STEM,11,10000+,Pvt Ltd,>4,23
city_74,0.579,,Has relevent experience,no_enrollment,Graduate,STEM,2,,,,62
city_104,0.924,Male,Has relevent experience,no_enrollment,High School,,>20,100-500,Other,>4,6
city_101,0.5579999999999999,Male,Has relevent experience,no_enrollment,Graduate,STEM,11,<10,Pvt Ltd,>4,68
city_16,0.91,Other,Has relevent experience,no_enrollment,Masters,STEM,9,50-99,Pvt Ltd,1,33
city_36,0.893,Male,Has relevent experience,no_enrollment,Graduate,STEM,5,10000+,Pvt Ltd,2,64
city_71,0.884,Other,Has relevent experience,no_enrollment,Graduate,STEM,13,,,>4,30
city_21,0.624,,No relevent experience,no_enrollment,Graduate,STEM,<1,,,2,25
city_103,0.92,Male,Has relevent experience,no_enrollment,Graduate,STEM,>20,1000-4999,Pvt Ltd,>4,57
city_46,0.762,,Has relevent experience,Part time course,Graduate,STEM,9,50-99,Public Sector,2,298
city_175,0.7759999999999999,Male,Has relevent experience,no_enrollment,Masters,STEM,11,,,1,153
city_114,0.926,Male,Has relevent experience,Part time course,Masters,STEM,7,<10,Public Sector,1,27
city_102,0.804,Male,No relevent experience,no_enrollment,Graduate,STEM,3,100-500,Pvt Ltd,2,13
city_19,0.682,Male,Has relevent experience,Full time course,Graduate,STEM,3,,,1,156
city_103,0.92,Male,No relevent experience,Full time course,Masters,STEM,8,,,2,24
city_103,0.92,Male,Has relevent experience,no_enrollment,Graduate,Other,>20,1000-4999,Pvt Ltd,>4,24
city_103,0.92,Male,Has relevent experience,no_enrollment,Graduate,Humanities,18,10000+,Pvt Ltd,>4,20
city_57,0.866,Male,Has relevent experience,Full time course,Masters,STEM,8,<10,Public Sector,1,28
city_103,0.92,Male,Has relevent experience,no_enrollment,Graduate,STEM,8,,,4,89
city_136,0.897,Male,Has relevent experience,no_enrollment,Graduate,Arts,14,,,2,24
city_50,0.8959999999999999,Male,Has relevent experience,no_enrollment,Masters,Arts,>20,,,>4,157
city_103,0.92,Male,Has relevent experience,no_enrollment,Graduate,STEM,20,5000-9999,Pvt Ltd,1,50
city_21,0.624,,No relevent experience,Full time course,High School,,3,,,never,145
city_103,0.92,Male,Has relevent experience,no_enrollment,Masters,STEM,9,50-99,Pvt Ltd,1,36
city_115,0.789,,No relevent experience,no_enrollment,High School,,<1,,Pvt Ltd,never,15
city_67,0.855,Male,No relevent experience,Full time course,High School,,8,,,never,67
city_103,0.92,Male,Has relevent experience,Full time course,Masters,STEM,>20,,,1,139
city_16,0.91,Male,Has relevent experience,no_enrollment,High School,,15,<10,Early Stage Startup,3,58
city_67,0.855,Female,Has relevent experience,Part time course,Graduate,STEM,7,10000+,Pvt Ltd,1,41
city_103,0.92,Male,Has relevent experience,no_enrollment,Graduate,STEM,5,100-500,Pvt Ltd,2,74
city_21,0.624,Male,Has relevent experience,no_enrollment,Graduate,STEM,7,10000+,Pvt Ltd,3,270
city_160,0.92,Male,Has relevent experience,Part time course,Graduate,STEM,6,,,1,43
city_103,0.92,Male,Has relevent experience,no_enrollment,Graduate,STEM,13,100-500,Pvt Ltd,>4,5
city_103,0.92,,Has relevent experience,no_enrollment,Masters,STEM,19,,,>4,51
city_114,0.926,Male,Has relevent experience,no_enrollment,Graduate,STEM,9,10/49,Pvt Ltd,3,10
city_83,0.923,Male,Has relevent experience,no_enrollment,Graduate,STEM,>20,100-500,Funded Startup,3,100
city_103,0.92,Male,Has relevent experience,Full time course,Masters,STEM,6,10000+,Pvt Ltd,3,55
city_21,0.624,Male,Has relevent experience,Full time course,Graduate,STEM,3,10/49,Pvt Ltd,1,22
city_16,0.91,Male,No relevent experience,Full time course,Graduate,STEM,3,10000+,Pvt Ltd,1,78
city_138,0.836,,No relevent experience,no_enrollment,Primary School,,1,,,never,9
city_27,0.848,Male,Has relevent experience,no_enrollment,Graduate,STEM,10,100-500,Pvt Ltd,1,80
city_103,0.92,,Has relevent experience,no_enrollment,Graduate,STEM,15,100-500,Pvt Ltd,1,46
city_136,0.897,Male,Has relevent experience,no_enrollment,Graduate,STEM,>20,10/49,Pvt Ltd,1,21
city_11,0.55,Male,No relevent experience,Full time course,High School,,2,,,1,10
city_160,0.92,Female,Has relevent experience,no_enrollment,Graduate,STEM,>20,10/49,,1,70
city_71,0.884,Male,No relevent experience,Full time course,Graduate,STEM,3,,,never,11
city_16,0.91,Male,Has relevent experience,no_enrollment,Graduate,STEM,5,50-99,Pvt Ltd,1,70
city_21,0.624,Male,Has relevent experience,no_enrollment,Graduate,STEM,4,<10,Pvt Ltd,1,112
city_160,0.92,Male,No relevent experience,Full time course,Graduate,Business Degree,>20,500-999,Other,>4,10
city_160,0.92,Male,Has relevent experience,no_enrollment,Graduate,STEM,9,<10,Pvt Ltd,2,104
city_103,0.92,Male,Has relevent experience,no_enrollment,Masters,STEM,6,100-500,Pvt Ltd,2,43
city_21,0.624,Female,Has relevent experience,Full time course,Graduate,No Major,3,10/49,,1,78
city_99,0.915,Male,Has relevent experience,no_enrollment,High School,,10,10/49,Pvt Ltd,2,140
city_21,0.624,,Has relevent experience,no_enrollment,Graduate,STEM,3,500-999,Pvt Ltd,2,20
city_160,0.92,Male,No relevent experience,Full time course,Graduate,STEM,2,,,1,88
city_16,0.91,Male,Has relevent experience,no_enrollment,Graduate,STEM,20,10000+,Pvt Ltd,>4,78
city_114,0.926,Male,No relevent experience,Full time course,High School,,3,,,1,7
city_21,0.624,Female,Has relevent experience,no_enrollment,Masters,STEM,5,50-99,Pvt Ltd,4,28
city_136,0.897,Male,Has relevent experience,no_enrollment,Masters,STEM,16,50-99,Pvt Ltd,>4,102
city_103,0.92,Female,No relevent experience,no_enrollment,Masters,STEM,>20,,Pvt Ltd,never,79
city_114,0.926,Male,No relevent experience,no_enrollment,High School,,3,10/49,Pvt Ltd,1,85
city_103,0.92,,No relevent experience,no_enrollment,Graduate,STEM,18,10000+,Pvt Ltd,>4,32
city_61,0.913,Male,Has relevent experience,no_enrollment,Graduate,STEM,>20,100-500,Pvt Ltd,>4,72
city_16,0.91,Male,Has relevent experience,no_enrollment,Phd,STEM,>20,5000-9999,Pvt Ltd,1,30
city_114,0.926,Male,Has relevent experience,no_enrollment,Masters,STEM,>20,5000-9999,Pvt Ltd,2,36
city_138,0.836,Female,Has relevent experience,no_enrollment,Graduate,STEM,9,50-99,Pvt Ltd,>4,6
city_114,0.926,Male,No relevent experience,Full time course,High School,,13,,,never,32
city_16,0.91,Male,Has relevent experience,no_enrollment,Masters,STEM,7,50-99,Early Stage Startup,2,206
city_71,0.884,Male,Has relevent experience,no_enrollment,Masters,STEM,6,500-999,Pvt Ltd,3,32
city_21,0.624,,No relevent experience,Full time course,Graduate,STEM,7,,,never,17
city_103,0.92,Male,No relevent experience,Full time course,High School,,2,50-99,Pvt Ltd,1,220
city_136,0.897,Male,Has relevent experience,Part time course,Graduate,STEM,4,10000+,Pvt Ltd,1,42
city_103,0.92,,Has relevent experience,no_enrollment,High School,,3,50-99,Pvt Ltd,1,36
city_103,0.92,Female,Has relevent experience,no_enrollment,Graduate,STEM,>20,100-500,Pvt Ltd,1,90
city_103,0.92,Male,No relevent experience,no_enrollment,High School,,3,,,1,70
city_116,0.743,Male,Has relevent experience,Part time course,Graduate,STEM,11,,,1,23
city_71,0.884,Male,Has relevent experience,no_enrollment,Masters,STEM,15,100-500,Pvt Ltd,never,12
city_103,0.92,Male,Has relevent experience,no_enrollment,Graduate,STEM,2,<10,Pvt Ltd,1,18
city_160,0.92,Male,Has relevent experience,no_enrollment,Graduate,STEM,16,10000+,Pvt Ltd,>4,47
city_75,0.939,Male,Has relevent experience,no_enrollment,Phd,STEM,>20,,,>4,69
city_61,0.913,,Has relevent experience,no_enrollment,Masters,STEM,>20,,,>4,40
city_100,0.887,,Has relevent experience,no_enrollment,Masters,STEM,5,<10,Early Stage Startup,1,107
city_45,0.89,Male,No relevent experience,Full time course,Graduate,STEM,5,,,1,35
city_167,0.921,Male,No relevent experience,Full time course,High School,,4,,,3,21
city_114,0.926,,Has relevent experience,no_enrollment,Masters,STEM,8,500-999,Pvt Ltd,never,44
city_128,0.527,Male,No relevent experience,no_enrollment,Graduate,Other,5,,,1,17
city_162,0.767,Male,Has relevent experience,no_enrollment,Phd,STEM,>20,10000+,Pvt Ltd,1,34
city_21,0.624,Male,Has relevent experience,no_enrollment,Graduate,STEM,8,5000-9999,Pvt Ltd,never,174
city_21,0.624,,Has relevent experience,no_enrollment,Masters,STEM,<1,50-99,Pvt Ltd,3,51
city_67,0.855,Male,Has relevent experience,no_enrollment,Graduate,STEM,8,,,2,29
city_115,0.789,Male,Has relevent experience,no_enrollment,Graduate,STEM,8,100-500,Pvt Ltd,1,212
city_16,0.91,Male,Has relevent experience,no_enrollment,Graduate,STEM,>20,10000+,Pvt Ltd,3,82
city_36,0.893,Male,Has relevent experience,no_enrollment,Masters,STEM,>20,100-500,Pvt Ltd,>4,16
city_16,0.91,Male,No relevent experience,no_enrollment,Primary School,,7,,Pvt Ltd,never,106
city_21,0.624,Male,Has relevent experience,no_enrollment,Graduate,STEM,5,1000-4999,Pvt Ltd,3,72
city_114,0.926,Male,Has relevent experience,no_enrollment,Phd,STEM,>20,100-500,Pvt Ltd,4,30
city_71,0.884,Male,Has relevent experience,no_enrollment,Masters,STEM,18,100-500,Public Sector,2,16
city_101,0.5579999999999999,,Has relevent experience,Full time course,Graduate,STEM,3,50-99,Pvt Ltd,2,90
city_100,0.887,Male,Has relevent experience,no_enrollment,Graduate,Other,14,<10,Pvt Ltd,1,64
city_103,0.92,Male,Has relevent experience,no_enrollment,Graduate,Humanities,>20,,,>4,37
city_136,0.897,Female,Has relevent experience,no_enrollment,Masters,STEM,7,1000-4999,Pvt Ltd,1,34
city_103,0.92,,Has relevent experience,no_enrollment,Graduate,STEM,>20,,,4,126
city_45,0.89,Male,Has relevent experience,no_enrollment,Masters,STEM,7,,,3,27
city_16,0.91,,Has relevent experience,no_enrollment,Graduate,STEM,6,1000-4999,Pvt Ltd,2,140
city_136,0.897,,No relevent experience,Full time course,High School,,4,,,1,150
city_21,0.624,Male,Has relevent experience,no_enrollment,Masters,STEM,3,,,1,108
city_114,0.926,Male,No relevent experience,Full time course,High School,,5,10000+,Pvt Ltd,1,2
city_83,0.923,Male,Has relevent experience,no_enrollment,Masters,STEM,15,100-500,Pvt Ltd,4,24
city_103,0.92,Male,Has relevent experience,no_enrollment,Graduate,STEM,13,10000+,Pvt Ltd,3,12
city_83,0.923,Male,Has relevent experience,Part time course,Graduate,STEM,>20,50-99,Pvt Ltd,1,12
city_64,0.6659999999999999,Male,Has relevent experience,no_enrollment,High School,,>20,10000+,Pvt Ltd,3,116
city_103,0.92,Male,Has relevent experience,no_enrollment,Graduate,STEM,2,10000+,Pvt Ltd,1,16
city_23,0.899,Male,Has relevent experience,no_enrollment,Masters,STEM,12,100-500,,1,152
city_114,0.926,Male,Has relevent experience,no_enrollment,Graduate,STEM,6,,Pvt Ltd,never,26
city_115,0.789,Male,Has relevent experience,Full time course,Graduate,STEM,14,10000+,Pvt Ltd,1,130
city_48,0.493,Male,Has relevent experience,no_enrollment,High School,,4,,,1,105
city_67,0.855,Male,Has relevent experience,no_enrollment,Masters,STEM,12,,,4,42
city_10,0.895,Male,Has relevent experience,no_enrollment,Phd,STEM,18,10000+,Pvt Ltd,2,6
city_73,0.754,Male,Has relevent experience,Full time course,Graduate,STEM,12,,,1,91
city_103,0.92,Male,Has relevent experience,no_enrollment,Masters,STEM,>20,10000+,Pvt Ltd,2,105
city_89,0.925,,No relevent experience,Full time course,Graduate,STEM,9,,,never,34
city_103,0.92,,Has relevent experience,no_enrollment,Graduate,STEM,6,,,2,47
city_21,0.624,,Has relevent experience,no_enrollment,,,4,,,1,48
city_114,0.926,Female,Has relevent experience,,Masters,STEM,10,10/49,Funded Startup,1,38
city_71,0.884,Other,Has relevent experience,no_enrollment,Graduate,Arts,<1,,,1,8
city_165,0.903,,Has relevent experience,no_enrollment,Masters,Humanities,19,<10,Funded Startup,2,23
city_99,0.915,Male,Has relevent experience,no_enrollment,Masters,STEM,12,100-500,Pvt Ltd,1,17
city_114,0.926,,Has relevent experience,no_enrollment,Graduate,STEM,5,10/49,Funded Startup,1,19
city_76,0.698,Male,Has relevent experience,no_enrollment,Graduate,STEM,10,1000-4999,Pvt Ltd,4,66
city_160,0.92,Male,No relevent experience,Full time course,,,11,,,1,46
city_159,0.843,Male,Has relevent experience,no_enrollment,High School,,>20,,,>4,44
city_128,0.527,,Has relevent experience,Full time course,Graduate,STEM,3,,,1,96
city_21,0.624,Male,No relevent experience,no_enrollment,Graduate,STEM,<1,50-99,Pvt Ltd,1,28
city_97,0.925,,Has relevent experience,no_enrollment,Graduate,STEM,6,100-500,Pvt Ltd,1,32
city_28,0.939,Male,No relevent experience,Full time course,High School,,3,10000+,Pvt Ltd,1,41
city_16,0.91,Female,Has relevent experience,no_enrollment,Graduate,STEM,5,500-999,Pvt Ltd,2,12
city_136,0.897,Male,Has relevent experience,no_enrollment,High School,,>20,,,4,76
city_74,0.579,,Has relevent experience,Full time course,Graduate,STEM,5,50-99,Pvt Ltd,1,62
city_114,0.926,Male,Has relevent experience,no_enrollment,Graduate,STEM,12,10/49,Pvt Ltd,>4,67
city_21,0.624,Male,Has relevent experience,no_enrollment,Graduate,STEM,15,500-999,Pvt Ltd,>4,29
city_65,0.802,Male,Has relevent experience,no_enrollment,Graduate,No Major,1,<10,Pvt Ltd,1,156
city_16,0.91,Male,No relevent experience,,,,6,,,,32
city_136,0.897,,Has relevent experience,no_enrollment,High School,,3,,,1,12
city_21,0.624,,Has relevent experience,no_enrollment,Graduate,STEM,5,10000+,Pvt Ltd,4,62
city_41,0.8270000000000001,Male,Has relevent experience,no_enrollment,High School,,18,,,>4,12
city_73,0.754,Male,Has relevent experience,no_enrollment,Masters,STEM,10,10000+,Pvt Ltd,1,10
city_103,0.92,Male,Has relevent experience,no_enrollment,Graduate,STEM,7,,,3,132
city_61,0.913,Male,Has relevent experience,no_enrollment,Masters,STEM,>20,100-500,Pvt Ltd,3,10
city_103,0.92,Male,Has relevent experience,no_enrollment,Graduate,STEM,11,10000+,Pvt Ltd,>4,34
city_21,0.624,,Has relevent experience,Full time course,Graduate,STEM,5,,,,145
city_103,0.92,,Has relevent experience,no_enrollment,Graduate,Arts,15,50-99,Funded Startup,1,6
city_46,0.762,Male,No relevent experience,no_enrollment,Graduate,Other,2,1000-4999,Pvt Ltd,never,26
city_104,0.924,,No relevent experience,Full time course,Graduate,STEM,3,,,1,26
city_114,0.926,Male,Has relevent experience,no_enrollment,Masters,STEM,>20,100-500,Funded Startup,1,2
city_26,0.698,,No relevent experience,Full time course,Graduate,STEM,4,<10,Public Sector,never,272
city_160,0.92,Female,Has relevent experience,no_enrollment,Graduate,STEM,3,500-999,Pvt Ltd,2,292
city_16,0.91,,No relevent experience,Full time course,High School,,1,10000+,Pvt Ltd,1,23
city_142,0.727,Male,No relevent experience,Part time course,Masters,STEM,5,500-999,Public Sector,1,17
city_160,0.92,Male,Has relevent experience,no_enrollment,Graduate,STEM,>20,,,never,67
city_103,0.92,,No relevent experience,,,,<1,,,,43
city_74,0.579,,Has relevent experience,no_enrollment,Graduate,STEM,6,<10,Pvt Ltd,1,72
city_136,0.897,Male,Has relevent experience,no_enrollment,Masters,STEM,6,5000-9999,Pvt Ltd,1,121
city_103,0.92,Male,Has relevent experience,no_enrollment,Graduate,STEM,3,10/49,Pvt Ltd,1,64
city_16,0.91,Male,Has relevent experience,no_enrollment,Graduate,STEM,>20,50-99,Pvt Ltd,>4,54
city_103,0.92,Female,No relevent experience,no_enrollment,Graduate,Humanities,20,,,>4,56
city_99,0.915,Male,Has relevent experience,no_enrollment,Graduate,STEM,7,5000-9999,Pvt Ltd,>4,70
city_16,0.91,Male,Has relevent experience,no_enrollment,Graduate,STEM,17,<10,Pvt Ltd,>4,20
city_16,0.91,Male,Has relevent experience,no_enrollment,Graduate,STEM,>20,1000-4999,Pvt Ltd,>4,68
city_16,0.91,Male,Has relevent experience,no_enrollment,Graduate,STEM,2,100-500,Pvt Ltd,1,53
city_103,0.92,Male,Has relevent experience,no_enrollment,Masters,STEM,>20,10000+,Pvt Ltd,>4,107
city_103,0.92,,Has relevent experience,no_enrollment,Masters,STEM,5,,,1,18
city_103,0.92,,Has relevent experience,no_enrollment,Graduate,STEM,>20,100-500,Pvt Ltd,2,46
city_99,0.915,Male,Has relevent experience,no_enrollment,High School,,>20,1000-4999,Pvt Ltd,2,26
city_114,0.926,Male,Has relevent experience,no_enrollment,Masters,STEM,11,10000+,Pvt Ltd,2,98
city_103,0.92,Male,No relevent experience,Full time course,Graduate,STEM,1,10000+,Public Sector,1,17
city_103,0.92,Male,Has relevent experience,no_enrollment,Masters,Other,9,50-99,Pvt Ltd,2,8
city_114,0.926,Other,No relevent experience,Full time course,High School,,6,500-999,Pvt Ltd,2,144
city_41,0.8270000000000001,,Has relevent experience,Full time course,High School,,5,<10,,never,10
city_21,0.624,Male,Has relevent experience,no_enrollment,Graduate,STEM,3,50-99,Pvt Ltd,1,122
city_73,0.754,,No relevent experience,Full time course,Graduate,STEM,7,,,2,14
city_41,0.8270000000000001,,Has relevent experience,no_enrollment,Graduate,STEM,5,<10,Pvt Ltd,2,33
city_16,0.91,,Has relevent experience,Full time course,Graduate,STEM,5,10/49,Pvt Ltd,1,109
city_103,0.92,Male,Has relevent experience,no_enrollment,Graduate,STEM,2,500-999,Pvt Ltd,1,72
city_21,0.624,Male,Has relevent experience,no_enrollment,Masters,STEM,4,1000-4999,Pvt Ltd,3,157
city_10,0.895,Male,Has relevent experience,no_enrollment,High School,,15,10/49,Pvt Ltd,>4,46
city_21,0.624,Male,No relevent experience,Full time course,Masters,STEM,4,,,never,13
city_100,0.887,Male,No relevent experience,Full time course,High School,,11,,,1,50
city_103,0.92,,No relevent experience,no_enrollment,High School,,2,,,never,91
city_104,0.924,,No relevent experience,Full time course,Graduate,STEM,3,50-99,Pvt Ltd,1,78
city_21,0.624,Female,Has relevent experience,no_enrollment,Graduate,STEM,11,500-999,Pvt Ltd,1,56
city_83,0.923,Male,Has relevent experience,no_enrollment,Graduate,STEM,>20,50-99,Pvt Ltd,>4,119
city_46,0.762,Male,Has relevent experience,no_enrollment,Graduate,STEM,9,10000+,Pvt Ltd,2,67
city_21,0.624,,No relevent experience,Full time course,Graduate,STEM,<1,,,never,50
city_16,0.91,Male,Has relevent experience,no_enrollment,Graduate,STEM,5,,Pvt Ltd,3,250
city_16,0.91,Male,Has relevent experience,no_enrollment,Graduate,STEM,4,1000-4999,Pvt Ltd,1,102
city_67,0.855,,Has relevent experience,no_enrollment,Masters,STEM,>20,10000+,Pvt Ltd,1,17
city_114,0.926,Male,Has relevent experience,no_enrollment,Masters,STEM,>20,10/49,Pvt Ltd,never,55
city_21,0.624,,Has relevent experience,no_enrollment,Graduate,STEM,1,<10,Early Stage Startup,1,38
city_21,0.624,Male,No relevent experience,no_enrollment,Graduate,Humanities,>20,50-99,Pvt Ltd,>4,107
city_73,0.754,Male,Has relevent experience,no_enrollment,Graduate,STEM,14,1000-4999,Pvt Ltd,>4,57
city_28,0.939,Male,Has relevent experience,no_enrollment,Graduate,STEM,14,10/49,Pvt Ltd,>4,67
city_65,0.802,Male,Has relevent experience,Full time course,Graduate,STEM,2,10/49,Pvt Ltd,2,50
city_114,0.926,,No relevent experience,Full time course,Graduate,STEM,5,1000-4999,Pvt Ltd,,7
city_27,0.848,Male,Has relevent experience,no_enrollment,Graduate,STEM,7,50-99,Pvt Ltd,never,86
city_104,0.924,Male,Has relevent experience,no_enrollment,Graduate,STEM,9,50-99,Pvt Ltd,never,8
city_16,0.91,Male,Has relevent experience,Full time course,Graduate,STEM,14,,,2,46
city_103,0.92,Male,No relevent experience,Part time course,High School,,<1,10000+,Pvt Ltd,1,56
city_142,0.727,,Has relevent experience,Full time course,Masters,STEM,7,50-99,Early Stage Startup,1,40
city_160,0.92,Female,Has relevent experience,no_enrollment,Graduate,STEM,4,,,1,11
city_16,0.91,,Has relevent experience,no_enrollment,Graduate,STEM,>20,,,>4,3
city_149,0.6890000000000001,,Has relevent experience,Full time course,Graduate,STEM,2,1000-4999,Pvt Ltd,1,44
city_103,0.92,Male,Has relevent experience,no_enrollment,Graduate,STEM,2,50-99,,2,5
city_173,0.878,Male,No relevent experience,,,,6,,,1,60
city_131,0.68,,No relevent experience,no_enrollment,Masters,STEM,3,,Pvt Ltd,never,51
city_103,0.92,Male,Has relevent experience,no_enrollment,Graduate,STEM,>20,<10,Pvt Ltd,4,4
city_100,0.887,Male,Has relevent experience,Full time course,,,14,,,1,43
city_21,0.624,Male,Has relevent experience,Full time course,Masters,STEM,2,50-99,Funded Startup,1,30
city_103,0.92,Male,Has relevent experience,no_enrollment,Graduate,STEM,9,1000-4999,Pvt Ltd,>4,22
city_21,0.624,,No relevent experience,no_enrollment,Primary School,,<1,,,never,15
city_21,0.624,Male,No relevent experience,Full time course,High School,,7,,,never,4
city_103,0.92,,Has relevent experience,Full time course,Graduate,STEM,4,100-500,,,78
city_103,0.92,Male,Has relevent experience,no_enrollment,Masters,STEM,3,,,1,29
city_73,0.754,,No relevent experience,Part time course,Graduate,STEM,12,1000-4999,Public Sector,>4,114
city_21,0.624,Male,Has relevent experience,no_enrollment,Graduate,STEM,4,10/49,Early Stage Startup,2,42
city_11,0.55,Male,No relevent experience,no_enrollment,Graduate,No Major,<1,,,4,158
city_159,0.843,,Has relevent experience,no_enrollment,Graduate,STEM,7,<10,Pvt Ltd,1,107
city_103,0.92,Male,Has relevent experience,Full time course,High School,,4,,,1,116
city_16,0.91,Female,Has relevent experience,no_enrollment,Graduate,STEM,20,50-99,Pvt Ltd,1,4
city_90,0.698,Male,Has relevent experience,Full time course,Graduate,STEM,8,50-99,Pvt Ltd,1,56
city_21,0.624,Male,Has relevent experience,no_enrollment,Graduate,STEM,2,,,2,112
city_103,0.92,Female,Has relevent experience,no_enrollment,Graduate,STEM,8,,,1,46
city_155,0.556,,Has relevent experience,,Graduate,STEM,3,50-99,Pvt Ltd,1,50
city_103,0.92,,No relevent experience,no_enrollment,Graduate,STEM,<1,,,1,50
city_16,0.91,Male,Has relevent experience,no_enrollment,High School,,13,5000-9999,Public Sector,>4,52
city_9,0.743,,Has relevent experience,Full time course,Masters,STEM,1,,,1,78
city_103,0.92,,Has relevent experience,no_enrollment,Graduate,STEM,>20,10000+,Public Sector,2,130
city_21,0.624,Male,Has relevent experience,no_enrollment,Graduate,Other,3,,,1,13
city_16,0.91,Male,Has relevent experience,no_enrollment,Masters,STEM,>20,5000-9999,Pvt Ltd,>4,124
city_16,0.91,Male,Has relevent experience,no_enrollment,Masters,STEM,>20,5000-9999,Pvt Ltd,4,51
city_67,0.855,Male,Has relevent experience,no_enrollment,Masters,STEM,3,10000+,Pvt Ltd,1,14
city_103,0.92,Male,No relevent experience,no_enrollment,Masters,Business Degree,11,10000+,Pvt Ltd,>4,12
city_28,0.939,Male,No relevent experience,no_enrollment,Primary School,,2,,,never,28
city_16,0.91,Male,Has relevent experience,no_enrollment,Graduate,STEM,10,50-99,Pvt Ltd,1,26
city_103,0.92,Male,Has relevent experience,no_enrollment,Graduate,STEM,>20,50-99,Pvt Ltd,>4,88
city_21,0.624,,Has relevent experience,Full time course,Masters,STEM,3,50-99,Funded Startup,2,60
city_16,0.91,,Has relevent experience,no_enrollment,Graduate,STEM,<1,1000-4999,Pvt Ltd,1,60
city_114,0.926,Male,Has relevent experience,no_enrollment,Masters,STEM,12,100-500,Pvt Ltd,>4,154
city_102,0.804,,Has relevent experience,no_enrollment,Masters,STEM,13,500-999,,never,56
city_89,0.925,,No relevent experience,no_enrollment,Graduate,STEM,1,50-99,Pvt Ltd,1,98
city_100,0.887,Female,No relevent experience,Full time course,Masters,STEM,2,,Public Sector,1,52
city_16,0.91,,Has relevent experience,no_enrollment,High School,,19,100-500,Pvt Ltd,1,17
city_99,0.915,Female,Has relevent experience,Part time course,Graduate,STEM,>20,100-500,Public Sector,2,105
city_114,0.926,Male,Has relevent experience,no_enrollment,Graduate,STEM,>20,50-99,Pvt Ltd,1,7
city_16,0.91,Male,Has relevent experience,no_enrollment,Graduate,STEM,17,10/49,Pvt Ltd,3,54
city_16,0.91,Male,No relevent experience,Full time course,High School,,9,,,1,79
city_16,0.91,Male,Has relevent experience,no_enrollment,Graduate,STEM,15,500-999,Pvt Ltd,1,2
city_104,0.924,Male,No relevent experience,Full time course,High School,,5,,,1,72
city_136,0.897,Male,Has relevent experience,no_enrollment,Masters,STEM,15,,,4,132
city_9,0.743,,Has relevent experience,no_enrollment,Graduate,Other,9,10/49,Funded Startup,1,79
city_16,0.91,Male,Has relevent experience,no_enrollment,Graduate,STEM,19,,,4,92
city_160,0.92,,Has relevent experience,no_enrollment,Masters,Humanities,>20,<10,Other,,42
city_114,0.926,Other,No relevent experience,no_enrollment,Graduate,STEM,11,50-99,Pvt Ltd,1,139
city_165,0.903,,No relevent experience,Full time course,High School,,1,,,never,122
city_160,0.92,,No relevent experience,no_enrollment,Graduate,STEM,13,,,>4,108
city_21,0.624,Male,Has relevent experience,no_enrollment,Graduate,STEM,6,<10,Pvt Ltd,2,32
city_71,0.884,Male,Has relevent experience,no_enrollment,Masters,STEM,15,50-99,Funded Startup,1,11
city_146,0.735,,No relevent experience,no_enrollment,Masters,STEM,8,50-99,Public Sector,2,43
city_71,0.884,Male,Has relevent experience,no_enrollment,Graduate,STEM,5,<10,,4,80
city_16,0.91,Male,Has relevent experience,no_enrollment,Graduate,STEM,19,50-99,Pvt Ltd,1,116
city_103,0.92,Male,No relevent experience,Full time course,Graduate,STEM,2,,,never,107
city_158,0.7659999999999999,Male,Has relevent experience,no_enrollment,Graduate,STEM,7,<10,Pvt Ltd,>4,14
city_21,0.624,,No relevent experience,Full time course,,,7,,Pvt Ltd,never,48
city_103,0.92,Male,Has relevent experience,Full time course,Graduate,Other,3,50-99,Pvt Ltd,3,11
city_103,0.92,,No relevent experience,no_enrollment,Graduate,STEM,4,50-99,Pvt Ltd,4,130
city_73,0.754,Male,Has relevent experience,no_enrollment,,,10,10/49,Pvt Ltd,1,16
city_67,0.855,Male,Has relevent experience,no_enrollment,Graduate,Humanities,10,500-999,Pvt Ltd,1,113
city_160,0.92,Male,Has relevent experience,no_enrollment,Graduate,STEM,>20,100-500,Pvt Ltd,never,192
city_160,0.92,Male,Has relevent experience,no_enrollment,Graduate,STEM,10,50-99,Pvt Ltd,3,5
city_71,0.884,,Has relevent experience,Part time course,Masters,STEM,13,500-999,Pvt Ltd,1,40
city_103,0.92,Male,Has relevent experience,no_enrollment,Masters,Other,>20,10000+,Pvt Ltd,1,22
city_176,0.764,Male,Has relevent experience,no_enrollment,Masters,STEM,4,100-500,Pvt Ltd,1,62
city_103,0.92,Male,Has relevent experience,no_enrollment,Graduate,STEM,9,100-500,Funded Startup,>4,107
city_67,0.855,Male,No relevent experience,no_enrollment,,,2,,,1,130
city_59,0.775,Male,Has relevent experience,no_enrollment,Graduate,STEM,>20,500-999,Pvt Ltd,2,108
city_143,0.74,Male,Has relevent experience,Full time course,High School,,<1,,,1,35
city_67,0.855,,Has relevent experience,,Masters,STEM,11,100-500,Pvt Ltd,>4,10
city_40,0.7759999999999999,Male,No relevent experience,Full time course,High School,,3,,Pvt Ltd,never,22
city_57,0.866,Male,Has relevent experience,no_enrollment,Graduate,STEM,16,,,1,9
city_16,0.91,Male,No relevent experience,no_enrollment,High School,,4,,,never,33
city_21,0.624,Male,No relevent experience,Full time course,High School,,5,,,never,82
city_21,0.624,Female,Has relevent experience,no_enrollment,Graduate,STEM,15,10000+,Pvt Ltd,1,5
city_21,0.624,,No relevent experience,Full time course,Masters,STEM,<1,,,1,15
city_103,0.92,Male,Has relevent experience,no_enrollment,Graduate,STEM,>20,100-500,Pvt Ltd,>4,55
city_54,0.856,Male,Has relevent experience,Full time course,Graduate,STEM,8,50-99,Pvt Ltd,>4,18
city_103,0.92,Male,Has relevent experience,no_enrollment,Graduate,STEM,12,,,3,12
city_160,0.92,Male,Has relevent experience,no_enrollment,Graduate,STEM,>20,100-500,Pvt Ltd,3,35
city_24,0.698,Male,Has relevent experience,no_enrollment,Graduate,STEM,13,,,1,18
city_16,0.91,Male,Has relevent experience,no_enrollment,Masters,STEM,>20,1000-4999,Pvt Ltd,1,61
city_103,0.92,Male,Has relevent experience,no_enrollment,Graduate,STEM,18,5000-9999,Pvt Ltd,4,160
city_16,0.91,Male,Has relevent experience,no_enrollment,Graduate,STEM,1,50-99,Pvt Ltd,never,58
city_114,0.926,Male,Has relevent experience,no_enrollment,Masters,STEM,15,100-500,Pvt Ltd,2,8
city_16,0.91,Male,Has relevent experience,Full time course,Graduate,Humanities,3,50-99,Pvt Ltd,1,164
city_103,0.92,Male,Has relevent experience,no_enrollment,Graduate,STEM,15,10000+,Pvt Ltd,3,64
city_102,0.804,Male,Has relevent experience,no_enrollment,Masters,STEM,10,,,1,84
city_45,0.89,,Has relevent experience,no_enrollment,Graduate,STEM,10,100-500,Pvt Ltd,>4,254
city_103,0.92,Male,Has relevent experience,no_enrollment,Masters,STEM,10,500-999,Pvt Ltd,2,20
city_136,0.897,,Has relevent experience,no_enrollment,Masters,STEM,>20,10000+,Pvt Ltd,>4,20
city_103,0.92,Male,Has relevent experience,no_enrollment,Graduate,STEM,>20,100-500,Pvt Ltd,>4,314
city_83,0.923,Male,Has relevent experience,Part time course,Masters,STEM,6,10000+,Pvt Ltd,>4,10
city_103,0.92,,No relevent experience,Full time course,Graduate,STEM,<1,,,,61
city_97,0.925,,No relevent experience,Full time course,High School,,11,<10,Early Stage Startup,1,28
city_103,0.92,Male,Has relevent experience,no_enrollment,Graduate,STEM,>20,1000-4999,Pvt Ltd,4,69
city_114,0.926,,No relevent experience,Full time course,High School,,3,,,,20
city_100,0.887,Male,Has relevent experience,no_enrollment,Masters,STEM,1,5000-9999,Pvt Ltd,1,110
city_102,0.804,Female,Has relevent experience,no_enrollment,Phd,STEM,17,,,2,91
city_21,0.624,Male,Has relevent experience,no_enrollment,Graduate,STEM,6,<10,Funded Startup,1,88
city_103,0.92,Male,Has relevent experience,no_enrollment,Graduate,No Major,>20,,,>4,32
city_103,0.92,Male,Has relevent experience,no_enrollment,Masters,Humanities,>20,<10,Early Stage Startup,4,10
city_41,0.8270000000000001,Male,Has relevent experience,no_enrollment,Graduate,,>20,10/49,Pvt Ltd,3,16
city_103,0.92,Male,Has relevent experience,Full time course,Graduate,STEM,2,10/49,Pvt Ltd,1,5
city_115,0.789,,Has relevent experience,Part time course,Graduate,STEM,3,<10,Pvt Ltd,1,94
city_21,0.624,Male,Has relevent experience,no_enrollment,Graduate,STEM,9,100-500,Pvt Ltd,>4,11
city_72,0.795,,Has relevent experience,,Graduate,STEM,16,,,>4,4
city_40,0.7759999999999999,,Has relevent experience,no_enrollment,Masters,STEM,8,500-999,Pvt Ltd,never,101
city_23,0.899,Male,Has relevent experience,Full time course,High School,,3,10000+,Pvt Ltd,2,29
city_11,0.55,Male,Has relevent experience,Part time course,Graduate,STEM,10,500-999,Pvt Ltd,1,62
city_16,0.91,Male,No relevent experience,no_enrollment,Graduate,STEM,15,50-99,Pvt Ltd,>4,90
city_75,0.939,Male,Has relevent experience,no_enrollment,Masters,STEM,5,50-99,Pvt Ltd,2,112
city_162,0.767,Male,Has relevent experience,no_enrollment,Graduate,STEM,8,10/49,Pvt Ltd,1,30
city_21,0.624,Male,No relevent experience,no_enrollment,,,1,,,never,61
city_103,0.92,Male,Has relevent experience,no_enrollment,Graduate,STEM,4,1000-4999,NGO,4,23
city_61,0.913,Male,No relevent experience,no_enrollment,Phd,STEM,>20,100-500,NGO,2,70
city_103,0.92,Female,Has relevent experience,no_enrollment,Graduate,STEM,5,1000-4999,,1,23
city_115,0.789,Female,Has relevent experience,Full time course,Phd,STEM,8,100-500,Pvt Ltd,>4,11
city_114,0.926,Male,Has relevent experience,no_enrollment,Masters,Humanities,>20,,,>4,17
city_114,0.926,,Has relevent experience,no_enrollment,Graduate,STEM,3,50-99,Pvt Ltd,1,334
city_116,0.743,,Has relevent experience,Full time course,Masters,STEM,15,<10,Pvt Ltd,1,38
city_103,0.92,Male,Has relevent experience,no_enrollment,Masters,STEM,10,100-500,Pvt Ltd,2,74
city_21,0.624,,Has relevent experience,no_enrollment,Graduate,STEM,7,10000+,Pvt Ltd,never,23
city_21,0.624,,No relevent experience,Full time course,Graduate,STEM,<1,,Public Sector,1,80
city_21,0.624,Male,Has relevent experience,no_enrollment,Graduate,STEM,7,50-99,Pvt Ltd,4,33
city_75,0.939,Male,Has relevent experience,no_enrollment,Graduate,STEM,>20,100-500,Pvt Ltd,1,19
city_160,0.92,Male,Has relevent experience,no_enrollment,Graduate,STEM,10,,,1,50
city_21,0.624,Male,Has relevent experience,no_enrollment,Graduate,STEM,10,10000+,Pvt Ltd,>4,85
city_103,0.92,Female,Has relevent experience,Full time course,Graduate,STEM,7,50-99,Pvt Ltd,1,56
city_158,0.7659999999999999,Male,No relevent experience,Full time course,Graduate,STEM,3,,,1,157
city_103,0.92,Male,No relevent experience,Full time course,Graduate,STEM,14,,,never,88
city_114,0.926,Male,Has relevent experience,no_enrollment,Graduate,No Major,10,100-500,Pvt Ltd,1,16
city_157,0.769,Male,Has relevent experience,no_enrollment,Masters,No Major,9,,,1,50
city_103,0.92,,Has relevent experience,no_enrollment,Masters,STEM,>20,1000-4999,Pvt Ltd,>4,13
city_67,0.855,Male,Has relevent experience,no_enrollment,Graduate,Humanities,3,100-500,Pvt Ltd,1,70
city_16,0.91,Male,Has relevent experience,no_enrollment,Graduate,STEM,>20,5000-9999,Pvt Ltd,>4,7
city_16,0.91,Male,Has relevent experience,no_enrollment,Graduate,STEM,8,50-99,Early Stage Startup,1,82
city_103,0.92,,No relevent experience,Full time course,Graduate,STEM,4,10000+,Pvt Ltd,1,22
city_149,0.6890000000000001,Male,Has relevent experience,no_enrollment,Graduate,STEM,17,10/49,Early Stage Startup,2,119
city_103,0.92,Male,No relevent experience,no_enrollment,Primary School,,3,,,never,198
city_103,0.92,Male,No relevent experience,no_enrollment,Graduate,STEM,3,,,1,42
city_21,0.624,Male,Has relevent experience,no_enrollment,Graduate,STEM,6,100-500,Pvt Ltd,1,35
city_103,0.92,,No relevent experience,no_enrollment,High School,,5,,,1,20
city_114,0.926,,Has relevent experience,no_enrollment,Graduate,STEM,6,10/49,,,3
city_114,0.926,Male,No relevent experience,no_enrollment,Phd,STEM,>20,,,>4,16
city_100,0.887,Male,Has relevent experience,no_enrollment,Graduate,STEM,13,10/49,,1,222
city_21,0.624,Male,Has relevent experience,no_enrollment,Masters,STEM,5,,Pvt Ltd,2,12
city_114,0.926,Male,Has relevent experience,no_enrollment,High School,,10,50-99,Pvt Ltd,1,109
city_103,0.92,Male,Has relevent experience,no_enrollment,Masters,STEM,17,<10,Early Stage Startup,1,53
city_114,0.926,,Has relevent experience,no_enrollment,Graduate,STEM,10,1000-4999,Pvt Ltd,>4,98
city_21,0.624,Male,No relevent experience,Full time course,Masters,No Major,3,,,never,70
city_160,0.92,Male,Has relevent experience,no_enrollment,Graduate,STEM,10,50-99,,3,15
city_1,0.847,Male,No relevent experience,Full time course,Graduate,STEM,11,,,3,194
city_19,0.682,Male,Has relevent experience,no_enrollment,Graduate,STEM,6,10000+,Pvt Ltd,2,10
city_67,0.855,Male,Has relevent experience,,Graduate,STEM,9,1000-4999,,2,114
city_100,0.887,,No relevent experience,Full time course,High School,,4,,,1,210
city_114,0.926,Male,Has relevent experience,Part time course,Graduate,STEM,6,,,never,100
city_21,0.624,Male,No relevent experience,no_enrollment,Graduate,STEM,3,500-999,Pvt Ltd,3,11
city_114,0.926,Male,No relevent experience,,Graduate,STEM,5,<10,Pvt Ltd,1,66
city_103,0.92,Male,Has relevent experience,no_enrollment,Graduate,STEM,10,1000-4999,Pvt Ltd,1,11
city_100,0.887,,No relevent experience,Full time course,High School,,4,,,never,10
city_160,0.92,Male,No relevent experience,no_enrollment,Graduate,STEM,19,,,1,28
city_103,0.92,Male,No relevent experience,no_enrollment,Phd,STEM,16,,,1,28
city_89,0.925,,Has relevent experience,no_enrollment,Graduate,STEM,14,,,1,11
city_21,0.624,Male,Has relevent experience,no_enrollment,Graduate,STEM,17,50-99,Pvt Ltd,1,92
city_16,0.91,Male,No relevent experience,,Graduate,Arts,>20,,,>4,22
city_159,0.843,Male,No relevent experience,Full time course,Graduate,STEM,4,,,never,56
city_16,0.91,Female,Has relevent experience,no_enrollment,Phd,STEM,>20,<10,Pvt Ltd,>4,144
city_103,0.92,Male,No relevent experience,no_enrollment,High School,,2,,,never,41
city_16,0.91,,Has relevent experience,no_enrollment,Masters,STEM,>20,100-500,NGO,4,65
city_16,0.91,,Has relevent experience,no_enrollment,Graduate,STEM,10,100-500,Pvt Ltd,1,82
city_67,0.855,Female,Has relevent experience,no_enrollment,Graduate,Humanities,4,50-99,Pvt Ltd,3,140
city_57,0.866,,No relevent experience,,,,9,,,never,59
city_90,0.698,Male,Has relevent experience,Part time course,Graduate,STEM,7,100-500,Pvt Ltd,1,55
city_16,0.91,Female,Has relevent experience,no_enrollment,Masters,Humanities,2,100-500,Pvt Ltd,1,20
city_103,0.92,Male,Has relevent experience,no_enrollment,Graduate,Arts,3,50-99,Pvt Ltd,1,62
city_160,0.92,Male,Has relevent experience,no_enrollment,Graduate,Humanities,7,,,1,248
city_102,0.804,Male,Has relevent experience,Part time course,Graduate,STEM,9,<10,Pvt Ltd,1,9
city_40,0.7759999999999999,Male,Has relevent experience,Full time course,Graduate,STEM,14,1000-4999,Pvt Ltd,never,52
city_21,0.624,Male,Has relevent experience,no_enrollment,Graduate,STEM,3,10000+,Pvt Ltd,1,44
city_104,0.924,Male,No relevent experience,no_enrollment,Graduate,Arts,>20,,,2,258
city_103,0.92,,Has relevent experience,no_enrollment,Masters,STEM,4,500-999,Pvt Ltd,1,108
city_103,0.92,Male,Has relevent experience,no_enrollment,Graduate,STEM,11,1000-4999,Public Sector,>4,92
city_103,0.92,Male,Has relevent experience,no_enrollment,Graduate,Other,5,100-500,Pvt Ltd,>4,91
city_100,0.887,Male,Has relevent experience,Part time course,Graduate,STEM,>20,,,1,94
city_103,0.92,Male,Has relevent experience,no_enrollment,Graduate,STEM,11,,,1,82
city_136,0.897,Male,Has relevent experience,no_enrollment,Masters,STEM,7,5000-9999,Pvt Ltd,2,95
city_103,0.92,Male,Has relevent experience,no_enrollment,Masters,STEM,8,10000+,,4,130
city_114,0.926,Male,Has relevent experience,no_enrollment,Graduate,STEM,>20,,,>4,123
city_21,0.624,,Has relevent experience,no_enrollment,Graduate,STEM,2,100-500,Early Stage Startup,1,7
city_11,0.55,,Has relevent experience,no_enrollment,,,6,10/49,Pvt Ltd,3,56
city_90,0.698,Male,No relevent experience,no_enrollment,Masters,STEM,7,100-500,Pvt Ltd,3,8
city_103,0.92,Male,No relevent experience,no_enrollment,Graduate,STEM,1,,,never,86
city_16,0.91,Male,No relevent experience,Full time course,Masters,STEM,4,,,1,50
city_21,0.624,Male,No relevent experience,Full time course,Graduate,STEM,4,,,never,39
city_103,0.92,,Has relevent experience,no_enrollment,Graduate,STEM,16,50-99,Pvt Ltd,1,6
city_67,0.855,Male,Has relevent experience,no_enrollment,Masters,STEM,3,50-99,Early Stage Startup,2,23
city_103,0.92,,No relevent experience,Part time course,Graduate,Business Degree,<1,50-99,Pvt Ltd,1,15
city_16,0.91,Male,No relevent experience,Part time course,Masters,STEM,>20,10000+,Pvt Ltd,>4,26
city_103,0.92,Male,Has relevent experience,no_enrollment,Graduate,STEM,16,10000+,Pvt Ltd,1,17
city_21,0.624,Male,Has relevent experience,no_enrollment,Graduate,STEM,2,10/49,Funded Startup,1,23
city_103,0.92,,Has relevent experience,no_enrollment,Graduate,Humanities,>20,1000-4999,Pvt Ltd,1,30
city_98,0.949,Male,Has relevent experience,no_enrollment,Masters,STEM,9,<10,Funded Startup,3,24
city_115,0.789,Male,Has relevent experience,no_enrollment,Graduate,STEM,8,50-99,Pvt Ltd,1,10
city_114,0.926,,Has relevent experience,no_enrollment,High School,,4,5000-9999,Pvt Ltd,1,43
city_116,0.743,Male,Has relevent experience,no_enrollment,Masters,STEM,14,100-500,Pvt Ltd,4,47
city_21,0.624,Male,Has relevent experience,no_enrollment,,,12,10/49,Pvt Ltd,>4,134
city_16,0.91,Male,Has relevent experience,no_enrollment,Graduate,Arts,19,500-999,NGO,1,14
city_114,0.926,,Has relevent experience,no_enrollment,Graduate,STEM,>20,500-999,Pvt Ltd,>4,59
city_142,0.727,,Has relevent experience,no_enrollment,Graduate,STEM,6,,Pvt Ltd,1,23
city_114,0.926,Male,Has relevent experience,no_enrollment,Masters,STEM,18,1000-4999,Pvt Ltd,2,112
city_149,0.6890000000000001,Male,Has relevent experience,Part time course,Graduate,STEM,4,,,1,18
city_71,0.884,Female,Has relevent experience,Part time course,Graduate,STEM,>20,10000+,Pvt Ltd,>4,99
city_103,0.92,,No relevent experience,Full time course,High School,,3,50-99,,1,3
city_45,0.89,Male,Has relevent experience,no_enrollment,Masters,STEM,>20,50-99,Pvt Ltd,1,35
city_160,0.92,,Has relevent experience,no_enrollment,Graduate,STEM,>20,10/49,Pvt Ltd,1,33
city_114,0.926,Female,No relevent experience,Full time course,High School,,10,10/49,Early Stage Startup,1,74
city_21,0.624,Female,Has relevent experience,no_enrollment,Masters,STEM,8,500-999,Pvt Ltd,1,92
city_37,0.794,Male,No relevent experience,Full time course,,,2,,Pvt Ltd,never,178
city_16,0.91,Male,Has relevent experience,no_enrollment,Masters,STEM,14,50-99,Early Stage Startup,4,19
city_100,0.887,Male,Has relevent experience,no_enrollment,High School,,4,10/49,Pvt Ltd,1,88
city_103,0.92,Male,No relevent experience,Full time course,High School,,6,,Pvt Ltd,never,48
city_103,0.92,Female,No relevent experience,Part time course,Masters,Humanities,>20,10000+,Pvt Ltd,>4,9
city_37,0.794,Male,Has relevent experience,no_enrollment,Graduate,STEM,13,10/49,Pvt Ltd,1,29
city_75,0.939,Male,Has relevent experience,no_enrollment,Graduate,STEM,19,10000+,Pvt Ltd,1,33
city_114,0.926,,Has relevent experience,Part time course,Graduate,STEM,6,50-99,Pvt Ltd,4,80
city_16,0.91,Male,Has relevent experience,no_enrollment,Graduate,STEM,11,,Pvt Ltd,1,6
city_46,0.762,Male,Has relevent experience,no_enrollment,Graduate,STEM,14,1000-4999,Pvt Ltd,3,77
city_103,0.92,,Has relevent experience,no_enrollment,Graduate,STEM,2,50-99,Pvt Ltd,1,12
city_67,0.855,Male,Has relevent experience,no_enrollment,Graduate,STEM,2,100-500,Pvt Ltd,1,20
city_40,0.7759999999999999,,Has relevent experience,Full time course,Masters,STEM,15,100-500,Funded Startup,2,39
city_103,0.92,Male,Has relevent experience,no_enrollment,Graduate,STEM,6,10/49,Pvt Ltd,4,23
city_136,0.897,Male,No relevent experience,Part time course,Masters,STEM,3,50-99,Public Sector,3,156
city_16,0.91,Male,Has relevent experience,no_enrollment,Graduate,STEM,>20,50-99,Pvt Ltd,>4,91
city_10,0.895,Other,No relevent experience,Full time course,Graduate,STEM,5,,,1,20
city_103,0.92,Male,Has relevent experience,no_enrollment,Graduate,STEM,14,,,4,52
city_74,0.579,Male,Has relevent experience,no_enrollment,Graduate,STEM,10,100-500,Pvt Ltd,2,79
city_50,0.8959999999999999,Male,Has relevent experience,no_enrollment,Masters,STEM,14,500-999,Pvt Ltd,1,76
city_103,0.92,Male,Has relevent experience,,Graduate,Humanities,>20,100-500,NGO,1,2
city_16,0.91,Male,Has relevent experience,no_enrollment,Graduate,STEM,6,10000+,Pvt Ltd,1,6
city_21,0.624,Female,Has relevent experience,no_enrollment,Graduate,STEM,5,1000-4999,Pvt Ltd,1,30
city_24,0.698,,Has relevent experience,no_enrollment,Masters,STEM,9,500-999,Pvt Ltd,>4,78
city_67,0.855,Male,No relevent experience,,High School,,7,,,never,18
city_64,0.6659999999999999,Male,No relevent experience,no_enrollment,Graduate,Business Degree,17,500-999,Pvt Ltd,2,60
city_114,0.926,Male,Has relevent experience,no_enrollment,Masters,STEM,15,,,2,87
city_103,0.92,,No relevent experience,no_enrollment,,,2,,,never,17
city_21,0.624,,Has relevent experience,no_enrollment,Graduate,STEM,6,50-99,Pvt Ltd,2,29
city_103,0.92,Male,No relevent experience,Full time course,Graduate,STEM,9,,,never,114
city_160,0.92,Male,Has relevent experience,no_enrollment,Graduate,No Major,8,100-500,NGO,1,51
city_114,0.926,Male,Has relevent experience,no_enrollment,Phd,STEM,>20,50-99,Pvt Ltd,>4,25
city_90,0.698,Male,No relevent experience,no_enrollment,High School,,3,50-99,Pvt Ltd,1,13
city_160,0.92,Male,Has relevent experience,no_enrollment,Masters,STEM,>20,100-500,Pvt Ltd,>4,45
city_103,0.92,Female,Has relevent experience,no_enrollment,Graduate,STEM,12,1000-4999,Pvt Ltd,1,46
city_102,0.804,Male,Has relevent experience,no_enrollment,Graduate,STEM,15,50-99,Pvt Ltd,4,50
city_21,0.624,Male,Has relevent experience,Part time course,Phd,STEM,20,10/49,Pvt Ltd,>4,108
city_36,0.893,,Has relevent experience,Full time course,Masters,STEM,>20,1000-4999,,>4,50
city_16,0.91,Male,Has relevent experience,no_enrollment,Masters,STEM,>20,,,1,46
city_103,0.92,,Has relevent experience,no_enrollment,Graduate,STEM,>20,50-99,Public Sector,1,66
city_73,0.754,Male,Has relevent experience,Full time course,Graduate,STEM,10,,,2,31
city_103,0.92,Male,Has relevent experience,no_enrollment,Graduate,STEM,9,10/49,Funded Startup,2,105
city_136,0.897,Male,Has relevent experience,no_enrollment,Masters,STEM,18,100-500,Funded Startup,1,82
city_21,0.624,,Has relevent experience,no_enrollment,Graduate,STEM,6,100-500,Funded Startup,2,36
city_103,0.92,Male,No relevent experience,no_enrollment,High School,,5,,,1,112
city_40,0.7759999999999999,Male,Has relevent experience,Full time course,Graduate,STEM,10,1000-4999,Pvt Ltd,1,104
city_162,0.767,Male,Has relevent experience,no_enrollment,Graduate,STEM,4,50-99,Pvt Ltd,1,26
city_162,0.767,Male,Has relevent experience,Part time course,Graduate,STEM,6,100-500,Pvt Ltd,1,95
city_21,0.624,,Has relevent experience,Full time course,Graduate,STEM,3,50-99,Pvt Ltd,never,10
city_21,0.624,Male,Has relevent experience,no_enrollment,Masters,STEM,5,50-99,Pvt Ltd,2,107
city_21,0.624,,Has relevent experience,no_enrollment,Masters,STEM,15,<10,Pvt Ltd,>4,76
city_21,0.624,Female,No relevent experience,no_enrollment,Graduate,STEM,2,10000+,Pvt Ltd,1,6
city_21,0.624,Male,Has relevent experience,no_enrollment,Masters,STEM,5,100-500,Pvt Ltd,2,17
city_90,0.698,Male,Has relevent experience,Full time course,Graduate,STEM,7,,,2,14
city_50,0.8959999999999999,Male,Has relevent experience,no_enrollment,Masters,STEM,>20,,,1,42
city_21,0.624,Male,Has relevent experience,no_enrollment,Graduate,STEM,19,5000-9999,Pvt Ltd,1,117
city_16,0.91,Male,No relevent experience,no_enrollment,Graduate,Humanities,2,,,2,266
city_16,0.91,Male,Has relevent experience,no_enrollment,Graduate,STEM,>20,10000+,Pvt Ltd,1,40
city_136,0.897,,No relevent experience,Full time course,Graduate,,3,,,never,37
city_75,0.939,Male,Has relevent experience,Full time course,High School,,4,1000-4999,Pvt Ltd,1,106
city_150,0.698,Male,Has relevent experience,no_enrollment,Graduate,STEM,7,,Pvt Ltd,never,100
city_97,0.925,,Has relevent experience,no_enrollment,Masters,STEM,13,1000-4999,,1,39
city_103,0.92,Male,Has relevent experience,no_enrollment,Graduate,STEM,11,10/49,Pvt Ltd,1,4
city_83,0.923,Male,Has relevent experience,no_enrollment,Graduate,STEM,10,,,1,61
city_21,0.624,Female,No relevent experience,no_enrollment,Graduate,STEM,3,10000+,Pvt Ltd,1,43
city_73,0.754,,Has relevent experience,no_enrollment,Primary School,,3,,,never,109
city_158,0.7659999999999999,,No relevent experience,Part time course,Graduate,STEM,4,10/49,Pvt Ltd,1,9
city_19,0.682,,Has relevent experience,no_enrollment,Graduate,STEM,5,,,2,22
city_103,0.92,,No relevent experience,no_enrollment,,,3,,,,147
city_103,0.92,Male,Has relevent experience,no_enrollment,Graduate,STEM,19,1000-4999,Pvt Ltd,>4,62
city_103,0.92,,No relevent experience,,,,2,,,never,68
city_103,0.92,,Has relevent experience,no_enrollment,Graduate,STEM,>20,5000-9999,Pvt Ltd,1,36
city_44,0.725,,Has relevent experience,no_enrollment,Graduate,STEM,7,,,never,80
city_103,0.92,Male,Has relevent experience,no_enrollment,Graduate,STEM,16,50-99,Pvt Ltd,1,58
city_114,0.926,Male,No relevent experience,no_enrollment,High School,,10,50-99,Pvt Ltd,4,121
city_103,0.92,Female,Has relevent experience,no_enrollment,Graduate,STEM,>20,<10,Pvt Ltd,>4,42
city_11,0.55,Male,Has relevent experience,no_enrollment,Masters,STEM,2,50-99,NGO,1,6
city_103,0.92,Male,Has relevent experience,no_enrollment,Graduate,STEM,10,,,1,57
city_103,0.92,Male,Has relevent experience,no_enrollment,Graduate,Other,>20,1000-4999,Pvt Ltd,>4,11
city_103,0.92,Male,Has relevent experience,no_enrollment,Graduate,STEM,17,10000+,Pvt Ltd,>4,94
city_103,0.92,,Has relevent experience,no_enrollment,Graduate,STEM,20,100-500,Pvt Ltd,>4,150
city_160,0.92,,Has relevent experience,no_enrollment,Graduate,Business Degree,1,<10,Early Stage Startup,1,10
city_21,0.624,Male,Has relevent experience,no_enrollment,Masters,STEM,>20,5000-9999,Pvt Ltd,>4,72
city_16,0.91,Female,Has relevent experience,no_enrollment,Graduate,Humanities,>20,50-99,Pvt Ltd,1,28
city_71,0.884,Male,Has relevent experience,no_enrollment,Graduate,STEM,12,<10,Early Stage Startup,1,98
city_114,0.926,Male,Has relevent experience,no_enrollment,Masters,STEM,5,10000+,Pvt Ltd,1,41
city_103,0.92,Female,Has relevent experience,no_enrollment,Graduate,Humanities,4,100-500,Funded Startup,1,33
city_57,0.866,Male,No relevent experience,Part time course,Graduate,STEM,12,,,4,81
city_103,0.92,Male,Has relevent experience,no_enrollment,Masters,STEM,14,50-99,Funded Startup,1,54
city_160,0.92,,Has relevent experience,no_enrollment,Graduate,STEM,10,50-99,Pvt Ltd,1,118
city_41,0.8270000000000001,Female,Has relevent experience,no_enrollment,Graduate,Arts,11,5000-9999,Pvt Ltd,1,83
city_165,0.903,Male,Has relevent experience,no_enrollment,Graduate,STEM,5,50-99,Pvt Ltd,1,108
city_160,0.92,Male,No relevent experience,no_enrollment,Graduate,STEM,2,,,1,34
city_46,0.762,Male,Has relevent experience,no_enrollment,Graduate,STEM,7,10000+,Pvt Ltd,2,224
city_75,0.939,,Has relevent experience,no_enrollment,High School,,10,10000+,Pvt Ltd,2,33
city_73,0.754,,Has relevent experience,no_enrollment,Graduate,STEM,4,,,2,51
city_16,0.91,Male,Has relevent experience,no_enrollment,Graduate,STEM,16,1000-4999,Other,>4,67
city_114,0.926,Male,Has relevent experience,no_enrollment,Masters,STEM,>20,10000+,Pvt Ltd,2,22
city_104,0.924,Female,Has relevent experience,no_enrollment,High School,,>20,50-99,,>4,90
city_97,0.925,Male,Has relevent experience,no_enrollment,Masters,STEM,>20,1000-4999,Pvt Ltd,>4,124
city_103,0.92,,Has relevent experience,no_enrollment,Graduate,STEM,8,50-99,,>4,25
city_61,0.913,Male,Has relevent experience,no_enrollment,Graduate,STEM,14,100-500,Pvt Ltd,2,3
city_103,0.92,,No relevent experience,no_enrollment,Graduate,STEM,9,,,2,43
city_50,0.8959999999999999,Male,Has relevent experience,no_enrollment,Graduate,STEM,14,10/49,Pvt Ltd,4,28
city_114,0.926,Male,Has relevent experience,no_enrollment,High School,,11,10/49,Pvt Ltd,2,25
city_16,0.91,Male,Has relevent experience,no_enrollment,Graduate,STEM,>20,50-99,Pvt Ltd,4,34
city_64,0.6659999999999999,Male,Has relevent experience,no_enrollment,Graduate,STEM,2,5000-9999,Pvt Ltd,1,124
city_104,0.924,,No relevent experience,Full time course,Graduate,STEM,2,,Other,never,100
city_21,0.624,,No relevent experience,no_enrollment,Graduate,STEM,3,10000+,,1,33
city_114,0.926,Male,Has relevent experience,no_enrollment,Masters,STEM,10,50-99,Pvt Ltd,>4,29
city_136,0.897,Male,No relevent experience,Full time course,High School,,7,,,never,60
city_23,0.899,Male,Has relevent experience,Part time course,Graduate,STEM,14,10000+,Public Sector,2,78
city_103,0.92,Male,Has relevent experience,no_enrollment,Graduate,STEM,>20,50-99,Pvt Ltd,>4,39
city_114,0.926,Male,Has relevent experience,no_enrollment,Masters,STEM,15,,NGO,1,77
city_160,0.92,,Has relevent experience,no_enrollment,Graduate,STEM,20,,,3,70
city_27,0.848,Male,Has relevent experience,no_enrollment,Masters,STEM,>20,50-99,Pvt Ltd,>4,7
city_45,0.89,Male,Has relevent experience,no_enrollment,Masters,STEM,17,50-99,Funded Startup,2,112
city_103,0.92,Male,Has relevent experience,no_enrollment,Masters,STEM,20,100-500,Pvt Ltd,2,17
city_103,0.92,Male,Has relevent experience,no_enrollment,Graduate,STEM,>20,10/49,Pvt Ltd,1,80
city_67,0.855,,Has relevent experience,Full time course,Graduate,STEM,9,<10,Early Stage Startup,1,24
city_160,0.92,,Has relevent experience,no_enrollment,Graduate,STEM,>20,,,>4,83
city_103,0.92,Male,Has relevent experience,no_enrollment,Graduate,Arts,7,50-99,Pvt Ltd,2,180
city_138,0.836,Male,Has relevent experience,no_enrollment,Graduate,STEM,16,50-99,Funded Startup,>4,25
city_103,0.92,Male,Has relevent experience,no_enrollment,Graduate,STEM,12,,,1,170
city_103,0.92,,Has relevent experience,no_enrollment,Graduate,STEM,10,,,1,16
city_103,0.92,,No relevent experience,no_enrollment,Graduate,STEM,7,10000+,Pvt Ltd,2,31
city_21,0.624,,Has relevent experience,Part time course,Graduate,STEM,4,100-500,Pvt Ltd,1,82
city_75,0.939,Male,Has relevent experience,no_enrollment,Graduate,STEM,15,,,1,8
city_101,0.5579999999999999,Male,No relevent experience,Full time course,High School,,4,<10,Early Stage Startup,1,87
city_103,0.92,Male,No relevent experience,no_enrollment,Graduate,Other,>20,50-99,Pvt Ltd,1,78
city_89,0.925,,Has relevent experience,no_enrollment,Graduate,STEM,13,100-500,Pvt Ltd,>4,292
city_65,0.802,Male,Has relevent experience,no_enrollment,Graduate,STEM,11,100-500,Pvt Ltd,2,32
city_89,0.925,Male,Has relevent experience,no_enrollment,Graduate,STEM,10,100-500,Pvt Ltd,>4,29
city_114,0.926,Male,Has relevent experience,no_enrollment,Graduate,STEM,11,100-500,Pvt Ltd,2,56
city_21,0.624,Female,Has relevent experience,no_enrollment,Graduate,STEM,5,1000-4999,Pvt Ltd,1,37
city_75,0.939,Male,Has relevent experience,no_enrollment,Graduate,STEM,7,10000+,Pvt Ltd,2,26
city_45,0.89,Male,Has relevent experience,Full time course,Graduate,STEM,4,<10,Early Stage Startup,1,17
city_21,0.624,Male,Has relevent experience,Full time course,Masters,STEM,10,<10,Pvt Ltd,1,110
city_65,0.802,Male,No relevent experience,Full time course,High School,,5,1000-4999,,1,2
city_71,0.884,Male,Has relevent experience,no_enrollment,Graduate,STEM,20,,,3,65
city_67,0.855,Male,Has relevent experience,no_enrollment,Masters,STEM,16,,,1,8
city_126,0.479,,Has relevent experience,no_enrollment,Phd,Humanities,>20,,,>4,79
city_50,0.8959999999999999,Male,No relevent experience,Part time course,High School,,6,,,1,43
city_21,0.624,Male,Has relevent experience,no_enrollment,Masters,STEM,8,10000+,Pvt Ltd,1,4
city_114,0.926,Male,Has relevent experience,no_enrollment,Masters,STEM,>20,500-999,Pvt Ltd,3,114
city_36,0.893,Male,Has relevent experience,Full time course,High School,,6,100-500,Pvt Ltd,2,81
city_21,0.624,,No relevent experience,Full time course,High School,,2,,,never,126
city_103,0.92,,Has relevent experience,no_enrollment,Graduate,STEM,17,10000+,Pvt Ltd,>4,123
city_10,0.895,Male,Has relevent experience,Part time course,Masters,STEM,16,500-999,Pvt Ltd,>4,45
city_21,0.624,Male,No relevent experience,Full time course,High School,,4,,,never,78
city_114,0.926,Male,Has relevent experience,no_enrollment,Graduate,STEM,11,10000+,Pvt Ltd,1,218
city_103,0.92,Male,Has relevent experience,no_enrollment,Graduate,STEM,7,50-99,Funded Startup,1,22
city_36,0.893,,No relevent experience,no_enrollment,Phd,STEM,>20,1000-4999,Public Sector,>4,4
city_21,0.624,,Has relevent experience,no_enrollment,Graduate,STEM,4,,,1,4
city_21,0.624,,Has relevent experience,no_enrollment,Graduate,STEM,12,50-99,Pvt Ltd,>4,14
city_11,0.55,Male,Has relevent experience,Full time course,Masters,STEM,4,100-500,NGO,2,37
city_103,0.92,,Has relevent experience,no_enrollment,Graduate,STEM,14,50-99,,>4,122
city_114,0.926,Male,No relevent experience,Full time course,Graduate,No Major,5,,,,28
city_64,0.6659999999999999,,No relevent experience,no_enrollment,Graduate,STEM,2,10/49,Pvt Ltd,2,68
city_71,0.884,Male,No relevent experience,no_enrollment,Masters,STEM,6,10/49,Pvt Ltd,3,6
city_114,0.926,,No relevent experience,no_enrollment,Graduate,Business Degree,2,50-99,Pvt Ltd,1,15
city_36,0.893,Male,No relevent experience,no_enrollment,Graduate,STEM,1,,,never,25
city_114,0.926,Male,No relevent experience,no_enrollment,,,7,,,never,106
city_67,0.855,Male,Has relevent experience,no_enrollment,Graduate,STEM,7,1000-4999,Pvt Ltd,2,100
city_21,0.624,,Has relevent experience,no_enrollment,Graduate,STEM,7,100-500,Pvt Ltd,1,78
city_109,0.701,,No relevent experience,no_enrollment,,,<1,,,never,112
city_160,0.92,Male,Has relevent experience,no_enrollment,Graduate,STEM,5,50-99,Pvt Ltd,1,42
city_46,0.762,Male,Has relevent experience,no_enrollment,Masters,STEM,>20,5000-9999,Pvt Ltd,>4,15
city_103,0.92,,Has relevent experience,no_enrollment,Masters,STEM,>20,50-99,Pvt Ltd,>4,51
city_97,0.925,Male,Has relevent experience,no_enrollment,Graduate,STEM,2,10/49,Pvt Ltd,never,170
city_11,0.55,,No relevent experience,no_enrollment,High School,,2,,,never,94
city_103,0.92,Male,Has relevent experience,no_enrollment,Masters,STEM,18,10000+,Pvt Ltd,1,9
city_23,0.899,Male,Has relevent experience,no_enrollment,Graduate,Humanities,15,<10,Pvt Ltd,>4,45
city_114,0.926,Male,No relevent experience,no_enrollment,Phd,STEM,>20,,,>4,31
city_103,0.92,Male,Has relevent experience,,Graduate,STEM,>20,1000-4999,Public Sector,3,9
city_21,0.624,Female,Has relevent experience,Part time course,Graduate,STEM,4,,,1,56
city_19,0.682,Male,Has relevent experience,no_enrollment,Graduate,STEM,8,,,1,35
city_70,0.698,Male,Has relevent experience,Full time course,Graduate,STEM,2,10000+,Pvt Ltd,1,22
city_114,0.926,Male,Has relevent experience,no_enrollment,Masters,STEM,>20,1000-4999,Pvt Ltd,>4,78
city_57,0.866,Male,Has relevent experience,no_enrollment,Masters,STEM,10,100-500,Pvt Ltd,4,43
city_103,0.92,,Has relevent experience,Full time course,High School,,6,10000+,Public Sector,1,78
city_103,0.92,,Has relevent experience,no_enrollment,Graduate,STEM,>20,1000-4999,Public Sector,>4,9
city_76,0.698,Male,No relevent experience,Full time course,Masters,STEM,7,,,2,6
city_103,0.92,Female,Has relevent experience,no_enrollment,Masters,Humanities,>20,,,1,8
city_103,0.92,,Has relevent experience,no_enrollment,Graduate,Other,5,50-99,,2,154
city_1,0.847,Male,Has relevent experience,no_enrollment,Graduate,STEM,10,100-500,Pvt Ltd,4,149
city_50,0.8959999999999999,Male,No relevent experience,Full time course,High School,,4,,,2,11
city_21,0.624,Male,No relevent experience,Full time course,High School,,<1,,,never,96
city_21,0.624,Male,No relevent experience,Part time course,,,2,50-99,Pvt Ltd,1,304
city_160,0.92,Male,Has relevent experience,no_enrollment,Masters,STEM,10,100-500,Pvt Ltd,3,75
city_73,0.754,,No relevent experience,no_enrollment,Graduate,Humanities,15,10/49,Pvt Ltd,>4,48
city_46,0.762,Male,No relevent experience,no_enrollment,Graduate,STEM,3,,,1,31
city_21,0.624,Male,No relevent experience,no_enrollment,High School,,<1,,,never,23
city_65,0.802,Male,Has relevent experience,no_enrollment,Graduate,STEM,11,,Pvt Ltd,never,86
city_165,0.903,Male,No relevent experience,no_enrollment,High School,,7,10/49,Pvt Ltd,1,41
city_16,0.91,Male,Has relevent experience,Part time course,Graduate,STEM,4,500-999,Pvt Ltd,4,18
city_21,0.624,Male,No relevent experience,Full time course,Masters,STEM,4,,,1,24
city_103,0.92,Male,No relevent experience,no_enrollment,Graduate,STEM,<1,10000+,Pvt Ltd,1,151
city_21,0.624,Male,Has relevent experience,no_enrollment,Graduate,STEM,17,10000+,Pvt Ltd,>4,29
city_114,0.926,Male,Has relevent experience,no_enrollment,Graduate,STEM,7,1000-4999,Pvt Ltd,1,70
city_16,0.91,Male,Has relevent experience,no_enrollment,Masters,STEM,>20,500-999,Pvt Ltd,3,28
city_103,0.92,Male,Has relevent experience,no_enrollment,Graduate,STEM,>20,,,>4,99
city_21,0.624,Male,Has relevent experience,no_enrollment,Graduate,STEM,7,,,1,26
city_160,0.92,Male,Has relevent experience,no_enrollment,Masters,STEM,>20,,,>4,55
city_103,0.92,Male,Has relevent experience,no_enrollment,Graduate,Humanities,10,100-500,Pvt Ltd,>4,10
city_140,0.856,Male,No relevent experience,no_enrollment,High School,,1,,Pvt Ltd,never,26
city_103,0.92,Male,Has relevent experience,no_enrollment,Graduate,STEM,17,50-99,Pvt Ltd,>4,41
city_160,0.92,,No relevent experience,no_enrollment,Masters,STEM,8,5000-9999,Pvt Ltd,1,113
city_93,0.865,Male,Has relevent experience,,High School,,5,50-99,Public Sector,3,50
city_114,0.926,Male,Has relevent experience,no_enrollment,High School,,14,50-99,Pvt Ltd,3,84
city_103,0.92,Male,Has relevent experience,no_enrollment,Masters,STEM,17,10000+,Pvt Ltd,2,15
city_16,0.91,Female,Has relevent experience,no_enrollment,Graduate,STEM,15,50-99,Funded Startup,1,54
city_103,0.92,,No relevent experience,no_enrollment,High School,,2,,,never,13
city_73,0.754,Female,Has relevent experience,no_enrollment,Masters,STEM,14,100-500,Funded Startup,2,47
city_65,0.802,Male,Has relevent experience,Part time course,Graduate,STEM,6,1000-4999,Pvt Ltd,1,141
city_21,0.624,Male,Has relevent experience,Full time course,Graduate,STEM,13,10/49,Pvt Ltd,2,145
city_103,0.92,Male,Has relevent experience,no_enrollment,Graduate,STEM,16,50-99,Pvt Ltd,3,250
city_114,0.926,Male,Has relevent experience,no_enrollment,Masters,STEM,>20,,,>4,44
city_46,0.762,,Has relevent experience,no_enrollment,Graduate,STEM,14,50-99,Funded Startup,1,21
city_160,0.92,Male,No relevent experience,no_enrollment,Graduate,STEM,9,<10,Pvt Ltd,2,15
city_136,0.897,Male,Has relevent experience,no_enrollment,Masters,STEM,14,10/49,Early Stage Startup,2,20
city_114,0.926,Male,Has relevent experience,no_enrollment,Graduate,STEM,6,100-500,Pvt Ltd,1,32
city_104,0.924,Male,Has relevent experience,no_enrollment,Graduate,Business Degree,17,5000-9999,Pvt Ltd,>4,41
city_16,0.91,Male,Has relevent experience,Full time course,Graduate,STEM,>20,100-500,Pvt Ltd,>4,146
city_103,0.92,Male,Has relevent experience,no_enrollment,Graduate,STEM,10,<10,Pvt Ltd,2,41
city_103,0.92,,Has relevent experience,no_enrollment,Graduate,STEM,15,<10,Pvt Ltd,2,20
city_16,0.91,Male,Has relevent experience,no_enrollment,Graduate,STEM,>20,10000+,,>4,11
city_46,0.762,Male,Has relevent experience,no_enrollment,Graduate,Business Degree,>20,50-99,Pvt Ltd,1,42
city_21,0.624,,Has relevent experience,no_enrollment,Masters,STEM,18,1000-4999,Pvt Ltd,1,107
city_10,0.895,,No relevent experience,no_enrollment,Phd,STEM,8,1000-4999,Public Sector,>4,206
city_103,0.92,Male,Has relevent experience,no_enrollment,High School,,2,<10,Pvt Ltd,2,12
city_103,0.92,,Has relevent experience,no_enrollment,Graduate,STEM,9,10000+,Pvt Ltd,1,36
